4 0.669519
5 0.680150
7 0.709310
9 0.736252
11 0.757320
13 0.773026
16 0.789171
20 0.801891
23 0.806760
28 0.809938
33 0.810622
38 0.811405
45 0.814026
52 0.817379
60 0.820650
69 0.823764
79 0.826865
91 0.830393
104 0.834296
119 0.838574
135 0.842802
154 0.847094
174 0.850705
198 0.853878
223 0.856053
252 0.857466
285 0.857653
321 0.855673
362 0.850515
407 0.841649
457 0.828666
513 0.811501
575 0.791797
645 0.772026
723 0.755504
809 0.743059
905 0.732559
1011 0.722215
1130 0.711994
1261 0.703905
1407 0.699243
1570 0.697120
1750 0.693719
1950 0.685224
