4 0.731046
5 0.740250
7 0.764050
9 0.785338
11 0.801611
13 0.813530
16 0.825603
20 0.834914
23 0.838338
28 0.840208
33 0.840115
38 0.840110
45 0.841416
52 0.843335
60 0.844942
69 0.846192
79 0.847354
91 0.848839
104 0.850867
119 0.853564
135 0.856792
154 0.860634
174 0.864388
198 0.868233
223 0.871442
252 0.874251
285 0.876109
321 0.876060
362 0.873229
407 0.866948
457 0.856836
513 0.842852
575 0.826288
645 0.809188
723 0.794517
809 0.782899
905 0.772563
1011 0.761680
1130 0.749617
1261 0.737373
1407 0.726276
1570 0.716174
1750 0.708425
1950 0.702061
