4 0.689260
5 0.691679
7 0.698746
9 0.703605
11 0.706621
13 0.708275
16 0.707577
20 0.699750
23 0.688587
28 0.662390
33 0.632326
38 0.603265
45 0.565912
52 0.533532
60 0.504651
69 0.482387
79 0.467215
91 0.456695
104 0.450461
119 0.446695
135 0.444394
154 0.443224
174 0.443070
198 0.444109
223 0.445892
252 0.447876
285 0.449811
321 0.451494
362 0.453545
407 0.456531
457 0.460801
513 0.465928
575 0.471677
645 0.478720
723 0.487603
809 0.499395
905 0.514060
1011 0.528945
1130 0.540993
1261 0.548277
1407 0.551575
1570 0.550025
1750 0.542994
1950 0.531459
