4 0.408595
5 0.437734
7 0.497013
9 0.552001
11 0.599548
13 0.637624
16 0.676842
20 0.706341
23 0.719294
28 0.733849
33 0.746747
38 0.759477
45 0.775485
52 0.788667
60 0.800403
69 0.810221
79 0.817535
91 0.822381
104 0.824136
119 0.823104
135 0.819595
154 0.813883
174 0.807606
198 0.801031
223 0.795700
252 0.791219
285 0.787688
321 0.784982
362 0.782669
407 0.780294
457 0.777584
513 0.774768
575 0.771670
645 0.767677
723 0.762574
809 0.756528
905 0.750121
1011 0.743896
1130 0.738178
1261 0.733363
1407 0.729464
1570 0.726186
1750 0.722477
1950 0.716093
