4 0.209792
5 0.241689
7 0.307292
9 0.370211
11 0.427756
13 0.476113
16 0.529431
20 0.576041
23 0.601560
28 0.635599
33 0.664534
38 0.689400
45 0.717314
52 0.738204
60 0.755389
69 0.768577
79 0.777717
91 0.783472
104 0.785365
119 0.783952
135 0.779864
154 0.773435
174 0.766496
198 0.759182
223 0.752993
252 0.747283
285 0.741950
321 0.736732
362 0.730827
407 0.723832
457 0.715842
513 0.707872
575 0.700340
645 0.692614
723 0.684181
809 0.674546
905 0.663582
1011 0.651220
1130 0.638299
1261 0.626706
1407 0.617019
1570 0.610771
1750 0.607643
1950 0.602559
