4 0.590996
5 0.592157
7 0.596968
9 0.598044
11 0.595911
13 0.592043
16 0.584987
20 0.575094
23 0.567715
28 0.555935
33 0.544154
38 0.531771
45 0.515630
52 0.504416
60 0.496281
69 0.491612
79 0.489759
91 0.488827
104 0.488554
119 0.488967
135 0.489824
154 0.491813
174 0.495181
198 0.501231
223 0.509245
252 0.519435
285 0.531368
321 0.544169
362 0.557905
407 0.571661
457 0.584775
513 0.596168
575 0.605267
645 0.612650
723 0.619399
809 0.626220
905 0.632804
1011 0.638835
1130 0.643464
1261 0.646877
1407 0.650049
1570 0.651081
1750 0.648282
1950 0.641761
