4 0.616799
5 0.628782
7 0.646113
9 0.654802
11 0.658978
13 0.661563
16 0.665961
20 0.676175
23 0.686124
28 0.700596
33 0.707329
38 0.708082
45 0.706060
52 0.704242
60 0.703991
69 0.706518
79 0.712052
91 0.720780
104 0.731759
119 0.744900
135 0.758347
154 0.773218
174 0.787166
198 0.801772
223 0.814975
252 0.828345
285 0.841904
321 0.855712
362 0.870358
407 0.884481
457 0.897312
513 0.908369
575 0.917220
645 0.924090
723 0.929104
809 0.932564
905 0.934697
1011 0.935486
1130 0.934989
1261 0.933278
1407 0.930273
1570 0.926205
1750 0.921915
1950 0.917826
