4 0.450279
5 0.486334
7 0.548137
9 0.596728
11 0.635541
13 0.666867
16 0.701605
20 0.731136
23 0.745403
28 0.759833
33 0.767853
38 0.773272
45 0.779218
52 0.784176
60 0.789599
69 0.795134
79 0.800008
91 0.803841
104 0.806104
119 0.807252
135 0.807784
154 0.808930
174 0.811504
198 0.816511
223 0.823470
252 0.832831
285 0.843930
321 0.855722
362 0.868260
407 0.880163
457 0.890973
513 0.900680
575 0.908900
645 0.915834
723 0.921756
809 0.926854
905 0.931151
1011 0.934313
1130 0.935983
1261 0.936049
1407 0.935088
1570 0.933595
1750 0.932245
1950 0.931125
