4 0.165604
5 0.201214
7 0.271250
9 0.332649
11 0.386015
13 0.431608
16 0.483548
20 0.528789
23 0.553425
28 0.585570
33 0.611047
38 0.631238
45 0.652835
52 0.669109
60 0.683299
69 0.695529
79 0.705834
91 0.714719
104 0.721414
119 0.726897
135 0.731780
154 0.738147
174 0.746103
198 0.756770
223 0.768242
252 0.781049
285 0.794323
321 0.807248
362 0.820408
407 0.832695
457 0.843795
513 0.853737
575 0.862129
645 0.869156
723 0.875009
809 0.880027
905 0.884616
1011 0.888428
1130 0.890282
1261 0.889363
1407 0.886599
1570 0.883602
1750 0.881932
1950 0.881018
