4 0.725243
5 0.738247
7 0.757379
9 0.768870
11 0.776326
13 0.781980
16 0.789108
20 0.797646
23 0.802820
28 0.806930
33 0.805242
38 0.800711
45 0.793710
52 0.787563
60 0.783048
69 0.781042
79 0.781331
91 0.783517
104 0.787178
119 0.791962
135 0.796768
154 0.801753
174 0.805833
198 0.809447
223 0.812504
252 0.815844
285 0.819728
321 0.824368
362 0.830207
407 0.836979
457 0.844305
513 0.851571
575 0.858112
645 0.863579
723 0.867397
809 0.869221
905 0.869051
1011 0.867120
1130 0.863612
1261 0.858779
1407 0.852473
1570 0.844999
1750 0.837861
1950 0.831957
