4 0.729534
5 0.752964
7 0.789851
9 0.815273
11 0.832231
13 0.843933
16 0.856235
20 0.867611
23 0.873985
28 0.881963
33 0.887571
38 0.891474
45 0.894856
52 0.896236
60 0.895866
69 0.893777
79 0.890221
91 0.884813
104 0.878102
119 0.869983
135 0.861483
154 0.852164
174 0.843490
198 0.834353
223 0.826094
252 0.817985
285 0.810053
321 0.802055
362 0.792891
407 0.782215
457 0.769860
513 0.756493
575 0.743240
645 0.730757
723 0.720843
809 0.714483
905 0.710633
1011 0.706175
1130 0.700539
1261 0.694678
1407 0.689666
1570 0.683560
1750 0.678195
1950 0.673237
