4 0.636355
5 0.666787
7 0.715371
9 0.749510
11 0.772785
13 0.789106
16 0.806443
20 0.822768
23 0.832182
28 0.844392
33 0.853330
38 0.859780
45 0.865628
52 0.868489
60 0.869034
69 0.867335
79 0.863681
91 0.857620
104 0.849657
119 0.839521
135 0.828285
154 0.815130
174 0.801852
198 0.786533
223 0.771319
252 0.754827
285 0.737110
321 0.718000
362 0.695569
407 0.669746
457 0.640180
513 0.607599
575 0.573271
645 0.537452
723 0.502988
809 0.472261
905 0.443671
1011 0.412352
1130 0.377477
1261 0.342961
1407 0.308534
1570 0.272578
1750 0.239474
1950 0.207261
