4 0.685308
5 0.662666
7 0.638699
9 0.629758
11 0.625714
13 0.624085
16 0.623841
20 0.624526
23 0.624807
28 0.624804
33 0.625101
38 0.625733
45 0.626484
52 0.626633
60 0.626101
69 0.624686
79 0.622204
91 0.618248
104 0.612667
119 0.605044
135 0.597032
154 0.589282
174 0.583827
198 0.580554
223 0.580166
252 0.581810
285 0.583813
321 0.584007
362 0.580931
407 0.574346
457 0.564412
513 0.551576
575 0.537617
645 0.524524
723 0.514065
809 0.507024
905 0.503930
1011 0.504198
1130 0.507171
1261 0.513019
1407 0.519093
1570 0.522343
1750 0.519946
1950 0.513446
