4 0.333918
5 0.390290
7 0.500866
9 0.599259
11 0.677497
13 0.734755
16 0.791658
20 0.835427
23 0.854385
28 0.871699
33 0.879006
38 0.880643
45 0.877173
52 0.869734
60 0.859143
69 0.847229
79 0.835811
91 0.825139
104 0.816473
119 0.808912
135 0.802781
154 0.797077
174 0.791786
198 0.784899
223 0.776185
252 0.764277
285 0.750146
321 0.736493
362 0.724501
407 0.714969
457 0.707289
513 0.700603
575 0.693550
645 0.685108
723 0.674087
809 0.659891
905 0.642561
1011 0.623505
1130 0.602982
1261 0.581668
1407 0.560418
1570 0.537286
1750 0.509824
1950 0.480887
