4 0.517047
5 0.554601
7 0.628590
9 0.695692
11 0.749888
13 0.790273
16 0.831540
20 0.864339
23 0.878936
28 0.892568
33 0.898471
38 0.899865
45 0.896989
52 0.890499
60 0.880872
69 0.869493
79 0.857918
91 0.846303
104 0.836177
119 0.826890
135 0.819242
154 0.812367
174 0.806654
198 0.800328
223 0.793123
252 0.783467
285 0.771824
321 0.760428
362 0.750459
407 0.742727
457 0.736882
513 0.732283
575 0.728242
645 0.724678
723 0.721117
809 0.716924
905 0.711964
1011 0.708347
1130 0.708160
1261 0.709301
1407 0.710831
1570 0.711355
1750 0.709547
1950 0.706894
