4 0.724816
5 0.718285
7 0.718679
9 0.730245
11 0.747186
13 0.766194
16 0.794145
20 0.824565
23 0.841305
28 0.860464
33 0.872733
38 0.880753
45 0.887226
52 0.889609
60 0.888914
69 0.885734
79 0.880927
91 0.874847
104 0.868979
119 0.863843
135 0.860565
154 0.858868
174 0.858622
198 0.859712
223 0.861353
252 0.862615
285 0.862835
321 0.862180
362 0.860761
407 0.858047
457 0.853491
513 0.847167
575 0.839165
645 0.829548
723 0.818405
809 0.806629
905 0.795530
1011 0.785909
1130 0.778132
1261 0.771943
1407 0.766411
1570 0.760512
1750 0.753317
1950 0.746875
