4 0.614558
5 0.636607
7 0.674095
9 0.704001
11 0.727135
13 0.745128
16 0.765943
20 0.786260
23 0.797516
28 0.810959
33 0.819525
38 0.824412
45 0.826692
52 0.825178
60 0.820322
69 0.812217
79 0.801091
91 0.785837
104 0.767894
119 0.746306
135 0.723198
154 0.696814
174 0.671096
198 0.643415
223 0.617917
252 0.591352
285 0.564631
321 0.539445
362 0.513927
407 0.487352
457 0.458341
513 0.427482
575 0.397830
645 0.372868
723 0.357631
809 0.353964
905 0.359445
1011 0.370611
1130 0.385524
1261 0.400811
1407 0.411575
1570 0.415120
1750 0.414851
1950 0.412562
