4 0.708626
5 0.725604
7 0.754316
9 0.776742
11 0.793760
13 0.806859
16 0.821942
20 0.836265
23 0.843722
28 0.851884
33 0.856413
38 0.858369
45 0.858102
52 0.855390
60 0.850131
69 0.842241
79 0.831845
91 0.817856
104 0.801528
119 0.781909
135 0.760761
154 0.736052
174 0.710933
198 0.682126
223 0.653402
252 0.620654
285 0.584527
321 0.547425
362 0.507343
407 0.463954
457 0.415421
513 0.362265
575 0.309466
645 0.261846
723 0.225509
809 0.203421
905 0.192509
1011 0.188318
1130 0.189036
1261 0.194113
1407 0.200972
1570 0.206047
1750 0.209106
1950 0.209218
