4 0.419266
5 0.404317
7 0.414973
9 0.473918
11 0.546209
13 0.612938
16 0.691046
20 0.760787
23 0.796696
28 0.838215
33 0.865512
38 0.884098
45 0.900987
52 0.911307
60 0.918504
69 0.923213
79 0.926014
91 0.927431
104 0.927655
119 0.927029
135 0.925782
154 0.923901
174 0.921727
198 0.918988
223 0.916061
252 0.912777
285 0.909524
321 0.906617
362 0.903809
407 0.901055
457 0.898412
513 0.896158
575 0.894471
645 0.893110
723 0.891724
809 0.890110
905 0.888168
1011 0.886193
1130 0.884319
1261 0.882966
1407 0.882421
1570 0.882718
1750 0.883455
1950 0.884322
