4 0.674749
5 0.674082
7 0.688693
9 0.709314
11 0.729869
13 0.749380
16 0.775409
20 0.800424
23 0.810951
28 0.818383
33 0.820554
38 0.820883
45 0.821169
52 0.821819
60 0.822078
69 0.821654
79 0.820716
91 0.818758
104 0.815838
119 0.812094
135 0.808453
154 0.805068
174 0.802659
198 0.801075
223 0.800051
252 0.798234
285 0.794981
321 0.790116
362 0.782715
407 0.771990
457 0.756956
513 0.737107
575 0.714421
645 0.692092
723 0.674511
809 0.663573
905 0.658315
1011 0.656370
1130 0.656855
1261 0.659100
1407 0.659223
1570 0.653597
1750 0.641564
1950 0.625674
