4 0.736381
5 0.736417
7 0.748180
9 0.763919
11 0.779408
13 0.794191
16 0.814127
20 0.833126
23 0.840626
28 0.844625
33 0.844178
38 0.842272
45 0.839806
52 0.838221
60 0.836535
69 0.834497
79 0.832265
91 0.829260
104 0.825618
119 0.821400
135 0.817499
154 0.813987
174 0.811553
198 0.810058
223 0.809308
252 0.808010
285 0.805539
321 0.801699
362 0.795432
407 0.785710
457 0.771354
513 0.751608
575 0.728446
645 0.705311
723 0.686709
809 0.674261
905 0.667130
1011 0.663214
1130 0.660222
1261 0.656615
1407 0.648725
1570 0.633425
1750 0.611196
1950 0.584461
