4 0.685285
5 0.680818
7 0.689935
9 0.712279
11 0.740407
13 0.768895
16 0.806497
20 0.843968
23 0.863323
28 0.883759
33 0.895411
38 0.902343
45 0.907640
52 0.909986
60 0.910600
69 0.909688
79 0.907519
91 0.904085
104 0.900093
119 0.895906
135 0.892205
154 0.888398
174 0.884377
198 0.878773
223 0.871450
252 0.861207
285 0.848292
321 0.833840
362 0.817921
407 0.801755
457 0.785596
513 0.769080
575 0.752673
645 0.736004
723 0.718679
809 0.701448
905 0.685075
1011 0.670780
1130 0.659206
1261 0.650379
1407 0.645746
1570 0.644805
1750 0.645771
1950 0.645733
