4 0.583157
5 0.590942
7 0.617151
9 0.649626
11 0.684920
13 0.718914
16 0.763218
20 0.807769
23 0.831213
28 0.856568
33 0.871584
38 0.881014
45 0.888980
52 0.893329
60 0.895643
69 0.896046
79 0.894705
91 0.891566
104 0.887333
119 0.882506
135 0.877889
154 0.872687
174 0.866835
198 0.858620
223 0.848119
252 0.833661
285 0.815523
321 0.795328
362 0.772931
407 0.749938
457 0.727047
513 0.704139
575 0.681638
645 0.659890
723 0.639561
809 0.621459
905 0.606315
1011 0.595313
1130 0.589117
1261 0.587680
1407 0.592488
1570 0.601102
1750 0.608644
1950 0.609547
