4 0.452229
5 0.530220
7 0.656952
9 0.741817
11 0.795994
13 0.830838
16 0.862942
20 0.886849
23 0.897477
28 0.908040
33 0.913587
38 0.916252
45 0.917131
52 0.916006
60 0.913294
69 0.909196
79 0.903961
91 0.897292
104 0.890020
119 0.881858
135 0.873435
154 0.863369
174 0.852266
198 0.838163
223 0.822754
252 0.804641
285 0.784909
321 0.765259
362 0.745254
407 0.725941
457 0.707599
513 0.689704
575 0.671825
645 0.654449
723 0.638428
809 0.624722
905 0.613534
1011 0.604894
1130 0.599925
1261 0.600883
1407 0.607788
1570 0.614843
1750 0.617296
1950 0.614586
