4 0.646226
5 0.670882
7 0.708135
9 0.736297
11 0.757542
13 0.773152
16 0.789474
20 0.803974
23 0.812211
28 0.823589
33 0.832881
38 0.840517
45 0.849167
52 0.855996
60 0.862269
69 0.867872
79 0.872329
91 0.875807
104 0.878028
119 0.879381
135 0.880215
154 0.881110
174 0.882091
198 0.883302
223 0.884462
252 0.885663
285 0.887197
321 0.889513
362 0.893047
407 0.897818
457 0.903975
513 0.911151
575 0.918166
645 0.924423
723 0.929359
809 0.932555
905 0.934003
1011 0.933662
1130 0.931537
1261 0.928070
1407 0.924591
1570 0.922585
1750 0.921821
1950 0.920666
