4 0.079433
5 0.097762
7 0.147054
9 0.202647
11 0.261322
13 0.315792
16 0.377626
20 0.432373
23 0.465765
28 0.514763
33 0.558093
38 0.594917
45 0.636514
52 0.668026
60 0.694953
69 0.717084
79 0.734954
91 0.750526
104 0.763088
119 0.774645
135 0.785430
154 0.797446
174 0.809667
198 0.823665
223 0.837130
252 0.850934
285 0.864267
321 0.876271
362 0.887139
407 0.896154
457 0.903499
513 0.909263
575 0.913397
645 0.915826
723 0.915909
809 0.913101
905 0.907397
1011 0.899462
1130 0.890503
1261 0.882082
1407 0.873944
1570 0.864293
1750 0.853651
1950 0.843516
