4 0.322514
5 0.326347
7 0.341171
9 0.360210
11 0.382379
13 0.405666
16 0.439125
20 0.482211
23 0.516508
28 0.574659
33 0.627664
38 0.675795
45 0.731932
52 0.774104
60 0.810405
69 0.839761
79 0.863177
91 0.882897
104 0.897937
119 0.910290
135 0.919749
154 0.927958
174 0.934564
198 0.940880
223 0.946193
252 0.951086
285 0.955255
321 0.958411
362 0.960644
407 0.961834
457 0.962059
513 0.961292
575 0.959405
645 0.956051
723 0.950669
809 0.942613
905 0.931317
1011 0.917086
1130 0.900645
1261 0.883820
1407 0.867164
1570 0.850547
1750 0.836588
1950 0.828899
