4 0.576023
5 0.597801
7 0.659378
9 0.718945
11 0.765569
13 0.799969
16 0.835668
20 0.866107
23 0.881271
28 0.897916
33 0.908241
38 0.914992
45 0.920775
52 0.923953
60 0.925722
69 0.926299
79 0.925987
91 0.925025
104 0.923704
119 0.921946
135 0.919809
154 0.916957
174 0.913677
198 0.909529
223 0.905034
252 0.899558
285 0.892979
321 0.885620
362 0.877407
407 0.868620
457 0.858765
513 0.847827
575 0.836384
645 0.824892
723 0.813664
809 0.802148
905 0.790089
1011 0.778695
1130 0.768164
1261 0.758146
1407 0.748837
1570 0.738593
1750 0.726651
1950 0.716283
