4 0.331039
5 0.389959
7 0.511727
9 0.611650
11 0.682419
13 0.731409
16 0.779827
20 0.819400
23 0.838770
28 0.860061
33 0.873376
38 0.882202
45 0.889923
52 0.894214
60 0.896479
69 0.896956
79 0.896087
91 0.894175
104 0.891704
119 0.888565
135 0.884950
154 0.880389
174 0.875366
198 0.869155
223 0.862480
252 0.854489
285 0.845228
321 0.835365
362 0.824895
407 0.814081
457 0.802171
513 0.789099
575 0.775525
645 0.762028
723 0.748792
809 0.735523
905 0.722372
1011 0.710494
1130 0.699656
1261 0.689338
1407 0.679653
1570 0.667862
1750 0.651964
1950 0.634448
