4 0.443735
5 0.342743
7 0.217427
9 0.177839
11 0.172315
13 0.184057
16 0.221247
20 0.288882
23 0.345806
28 0.437598
33 0.510065
38 0.567094
45 0.630903
52 0.676164
60 0.712187
69 0.740084
79 0.761368
91 0.778937
104 0.792038
119 0.802546
135 0.810340
154 0.816674
174 0.821170
198 0.824774
223 0.827317
252 0.829398
285 0.830857
321 0.831372
362 0.830813
407 0.829203
457 0.826526
513 0.822950
575 0.818445
645 0.812854
723 0.806261
809 0.798964
905 0.791649
1011 0.785853
1130 0.783423
1261 0.785980
1407 0.794479
1570 0.808413
1750 0.825151
1950 0.842083
