4 0.521477
5 0.516770
7 0.530067
9 0.562773
11 0.600639
13 0.636579
16 0.683605
20 0.732836
23 0.760519
28 0.794248
33 0.817646
38 0.834237
45 0.849929
52 0.859867
60 0.866798
69 0.871094
79 0.873338
91 0.874314
104 0.874519
119 0.874264
135 0.873598
154 0.872187
174 0.869772
198 0.865361
223 0.858707
252 0.848486
285 0.834605
321 0.818058
362 0.798495
407 0.776789
457 0.753618
513 0.731186
575 0.712257
645 0.698254
723 0.689941
809 0.685889
905 0.684899
1011 0.686623
1130 0.690107
1261 0.692883
1407 0.692165
1570 0.686889
1750 0.677963
1950 0.667939
