4 0.655002
5 0.640707
7 0.638978
9 0.657728
11 0.683297
13 0.709309
16 0.744399
20 0.781687
23 0.802778
28 0.828398
33 0.846159
38 0.858940
45 0.871509
52 0.879937
60 0.886198
69 0.890445
79 0.893101
91 0.894837
104 0.895889
119 0.896440
135 0.896351
154 0.895365
174 0.893344
198 0.889715
223 0.884599
252 0.877147
285 0.867280
321 0.855678
362 0.842150
407 0.827354
457 0.811707
513 0.796651
575 0.784107
645 0.774934
723 0.769142
809 0.764866
905 0.761039
1011 0.758326
1130 0.756848
1261 0.754947
1407 0.751139
1570 0.744783
1750 0.736170
1950 0.727264
