4 0.380447
5 0.430146
7 0.539459
9 0.631813
11 0.700414
13 0.750081
16 0.800373
20 0.841419
23 0.861627
28 0.884218
33 0.898801
38 0.908842
45 0.918362
52 0.924788
60 0.929902
69 0.933862
79 0.936879
91 0.939250
104 0.940696
119 0.941224
135 0.940855
154 0.939675
174 0.937917
198 0.935331
223 0.932311
252 0.928701
285 0.924704
321 0.920678
362 0.916653
407 0.912991
457 0.909563
513 0.906086
575 0.902712
645 0.899620
723 0.897118
809 0.895467
905 0.894761
1011 0.894739
1130 0.894805
1261 0.895223
1407 0.896085
1570 0.896773
1750 0.897154
1950 0.896970
