4 0.518138
5 0.506347
7 0.512856
9 0.540404
11 0.575993
13 0.612628
16 0.664051
20 0.720517
23 0.753245
28 0.793397
33 0.821211
38 0.841037
45 0.860264
52 0.873028
60 0.882443
69 0.888799
79 0.892538
91 0.894084
104 0.893671
119 0.891622
135 0.888311
154 0.883541
174 0.877886
198 0.870206
223 0.860842
252 0.847873
285 0.830582
321 0.809256
362 0.782324
407 0.750591
457 0.713064
513 0.668640
575 0.618389
645 0.562652
723 0.504191
809 0.445147
905 0.386741
1011 0.333029
1130 0.287374
1261 0.253374
1407 0.233351
1570 0.228802
1750 0.242215
1950 0.272297
