4 0.649985
5 0.634330
7 0.632937
9 0.652140
11 0.679058
13 0.706991
16 0.745941
20 0.788468
23 0.812612
28 0.841231
33 0.860485
38 0.874197
45 0.887674
52 0.896914
60 0.904164
69 0.909577
79 0.913391
91 0.915897
104 0.916900
119 0.916552
135 0.915096
154 0.912559
174 0.909205
198 0.904173
223 0.897559
252 0.888072
285 0.875152
321 0.859064
362 0.839006
407 0.815716
457 0.788469
513 0.756380
575 0.720057
645 0.679683
723 0.637320
809 0.594597
905 0.552884
1011 0.514880
1130 0.482392
1261 0.457172
1407 0.440360
1570 0.434088
1750 0.442108
1950 0.464421
