4 0.379317
5 0.392744
7 0.421798
9 0.447310
11 0.469675
13 0.489207
16 0.514752
20 0.548588
23 0.577359
28 0.628353
33 0.676678
38 0.721709
45 0.774980
52 0.814880
60 0.848317
69 0.874496
79 0.894445
91 0.910114
104 0.920703
119 0.927890
135 0.931838
154 0.933372
174 0.932898
198 0.931555
223 0.931085
252 0.932490
285 0.935306
321 0.938088
362 0.940501
407 0.942459
457 0.943392
513 0.943004
575 0.941194
645 0.937262
723 0.930450
809 0.919999
905 0.905630
1011 0.888901
1130 0.872773
1261 0.859124
1407 0.846436
1570 0.834421
1750 0.824656
1950 0.816087
