4 0.073210
5 0.100956
7 0.166641
9 0.232761
11 0.295209
13 0.350125
16 0.414507
20 0.478276
23 0.520336
28 0.583673
33 0.635727
38 0.676010
45 0.718337
52 0.748629
60 0.773120
69 0.791868
79 0.805446
91 0.815103
104 0.819983
119 0.820368
135 0.816030
154 0.806123
174 0.792148
198 0.774080
223 0.757610
252 0.743471
285 0.731840
321 0.720896
362 0.709795
407 0.699768
457 0.689186
513 0.676685
575 0.661416
645 0.640835
723 0.612473
809 0.573919
905 0.525665
1011 0.474863
1130 0.432151
1261 0.402895
1407 0.380881
1570 0.358985
1750 0.337606
1950 0.311508
