4 0.052665
5 0.068332
7 0.110912
9 0.162847
11 0.223000
13 0.286847
16 0.376402
20 0.477894
23 0.544979
28 0.638633
33 0.707805
38 0.756836
45 0.803278
52 0.833201
60 0.855557
69 0.871785
79 0.883356
91 0.892053
104 0.897857
119 0.901956
135 0.904617
154 0.906752
174 0.908816
198 0.911757
223 0.915417
252 0.919926
285 0.924717
321 0.929100
362 0.932992
407 0.936032
457 0.938107
513 0.939126
575 0.938847
645 0.936938
723 0.933256
809 0.928227
905 0.922707
1011 0.917897
1130 0.914545
1261 0.912104
1407 0.908795
1570 0.903806
1750 0.898737
1950 0.894311
