4 0.311841
5 0.302802
7 0.324349
9 0.390860
11 0.471834
13 0.549408
16 0.643551
20 0.729354
23 0.773114
28 0.822292
33 0.853775
38 0.875131
45 0.894787
52 0.907251
60 0.916408
69 0.922908
79 0.927259
91 0.930066
104 0.931327
119 0.931453
135 0.930695
154 0.929146
174 0.927120
198 0.924424
223 0.921420
252 0.917705
285 0.913310
321 0.908499
362 0.903181
407 0.897585
457 0.891368
513 0.884030
575 0.875286
645 0.864817
723 0.852640
809 0.838925
905 0.824095
1011 0.809635
1130 0.796122
1261 0.784416
1407 0.774742
1570 0.767590
1750 0.763378
1950 0.761240
