4 0.206573
5 0.216694
7 0.262388
9 0.340092
11 0.428198
13 0.510920
16 0.610599
20 0.701182
23 0.747267
28 0.799280
33 0.832899
38 0.855896
45 0.877247
52 0.891007
60 0.901245
69 0.908497
79 0.913196
91 0.915905
104 0.916613
119 0.915695
135 0.913475
154 0.909851
174 0.905380
198 0.899531
223 0.893090
252 0.885289
285 0.876231
321 0.866463
362 0.855843
407 0.845019
457 0.833778
513 0.821786
575 0.809135
645 0.795875
723 0.782514
809 0.769511
905 0.757363
1011 0.747383
1130 0.739848
1261 0.734933
1407 0.732155
1570 0.731608
1750 0.732951
1950 0.734636
