4 0.697587
5 0.681223
7 0.669183
9 0.674867
11 0.689618
13 0.708606
16 0.737887
20 0.769811
23 0.787150
28 0.806949
33 0.819323
38 0.826885
45 0.832192
52 0.832618
60 0.828686
69 0.821257
79 0.811906
91 0.801217
104 0.791074
119 0.781161
135 0.772895
154 0.766275
174 0.761804
198 0.758975
223 0.757619
252 0.755952
285 0.752551
321 0.747612
362 0.742107
407 0.736274
457 0.729260
513 0.721549
575 0.713506
645 0.704180
723 0.693215
809 0.680511
905 0.667469
1011 0.655931
1130 0.645182
1261 0.635835
1407 0.628986
1570 0.623144
1750 0.617220
1950 0.613038
