4 0.274883
5 0.304995
7 0.377073
9 0.458657
11 0.535804
13 0.599438
16 0.670259
20 0.732428
23 0.762203
28 0.791671
33 0.806269
38 0.812515
45 0.812795
52 0.806716
60 0.795012
69 0.778824
79 0.759701
91 0.737321
104 0.715078
119 0.691944
135 0.670274
154 0.649125
174 0.630808
198 0.611598
223 0.592303
252 0.569445
285 0.543112
321 0.514878
362 0.484370
407 0.453633
457 0.423474
513 0.395428
575 0.372404
645 0.355997
723 0.346221
809 0.340083
905 0.335322
1011 0.331465
1130 0.328430
1261 0.325046
1407 0.319751
1570 0.310172
1750 0.297751
1950 0.281206
