4 0.737957
5 0.726064
7 0.721041
9 0.729674
11 0.743184
13 0.758049
16 0.779760
20 0.803799
23 0.817416
28 0.833764
33 0.844601
38 0.851553
45 0.856750
52 0.857724
60 0.854967
69 0.849080
79 0.841348
91 0.832454
104 0.824290
119 0.816838
135 0.811344
154 0.807892
174 0.806317
198 0.805901
223 0.805996
252 0.805593
285 0.803809
321 0.800371
362 0.795301
407 0.788960
457 0.781362
513 0.772671
575 0.763303
645 0.753152
723 0.742387
809 0.731028
905 0.720541
1011 0.713294
1130 0.709736
1261 0.709609
1407 0.711563
1570 0.712468
1750 0.709364
1950 0.702819
