4 0.543934
5 0.579877
7 0.646933
9 0.699814
11 0.738142
13 0.765931
16 0.795102
20 0.820015
23 0.832411
28 0.845864
33 0.853651
38 0.857938
45 0.860274
52 0.859948
60 0.857539
69 0.853102
79 0.846736
91 0.837856
104 0.827383
119 0.814807
135 0.801291
154 0.785562
174 0.769654
198 0.751603
223 0.734012
252 0.714760
285 0.693836
321 0.671789
362 0.647859
407 0.623747
457 0.600164
513 0.577837
575 0.557611
645 0.538637
723 0.518326
809 0.494873
905 0.468099
1011 0.439590
1130 0.411920
1261 0.388919
1407 0.367506
1570 0.339063
1750 0.301178
1950 0.256287
