4 0.641215
5 0.670633
7 0.724726
9 0.766981
11 0.797745
13 0.820229
16 0.844020
20 0.864598
23 0.874870
28 0.885971
33 0.892391
38 0.895920
45 0.897805
52 0.897497
60 0.895488
69 0.891854
79 0.886721
91 0.879672
104 0.871532
119 0.861994
135 0.851886
154 0.840075
174 0.827895
198 0.813704
223 0.799370
252 0.783062
285 0.764772
321 0.745082
362 0.723196
407 0.700196
457 0.676168
513 0.651127
575 0.625061
645 0.596983
723 0.566589
809 0.533003
905 0.495265
1011 0.455228
1130 0.417167
1261 0.388341
1407 0.367974
1570 0.345852
1750 0.319930
1950 0.295688
