4 0.450434
5 0.496721
7 0.564383
9 0.606502
11 0.636164
13 0.656270
16 0.673174
20 0.682808
23 0.685222
28 0.683889
33 0.680069
38 0.675700
45 0.668510
52 0.659402
60 0.647822
69 0.635253
79 0.623143
91 0.611512
104 0.601794
119 0.593042
135 0.585526
154 0.578214
174 0.571611
198 0.564390
223 0.557266
252 0.548961
285 0.538735
321 0.526484
362 0.512213
407 0.497611
457 0.483225
513 0.469008
575 0.454927
645 0.440556
723 0.424419
809 0.403929
905 0.378846
1011 0.350898
1130 0.321252
1261 0.293675
1407 0.270432
1570 0.250750
1750 0.234071
1950 0.220076
