4 0.738627
5 0.735199
7 0.735004
9 0.738223
11 0.744029
13 0.752537
16 0.768442
20 0.786690
23 0.793702
28 0.796193
33 0.795923
38 0.795174
45 0.794459
52 0.794551
60 0.795999
69 0.799445
79 0.804789
91 0.811575
104 0.817626
119 0.821920
135 0.823740
154 0.823284
174 0.820388
198 0.814206
223 0.805126
252 0.792023
285 0.775447
321 0.757310
362 0.738237
407 0.720300
457 0.704259
513 0.690437
575 0.678773
645 0.668438
723 0.659212
809 0.650461
905 0.642550
1011 0.637352
1130 0.635058
1261 0.635426
1407 0.636559
1570 0.635442
1750 0.631858
1950 0.628407
