4 0.615593
5 0.609896
7 0.606052
9 0.607579
11 0.615147
13 0.628521
16 0.654539
20 0.685548
23 0.699418
28 0.709132
33 0.714106
38 0.717942
45 0.723210
52 0.728999
60 0.736889
69 0.747479
79 0.760323
91 0.774842
104 0.787398
119 0.797224
135 0.803490
154 0.807253
174 0.808162
198 0.806274
223 0.801707
252 0.793956
285 0.783328
321 0.771064
362 0.757586
407 0.744430
457 0.732211
513 0.721065
575 0.710777
645 0.700542
723 0.689659
809 0.676749
905 0.662244
1011 0.648619
1130 0.636769
1261 0.628108
1407 0.622217
1570 0.616963
1750 0.611485
1950 0.607700
