4 0.062578
5 0.085119
7 0.144172
9 0.214254
11 0.293587
13 0.369591
16 0.458536
20 0.544316
23 0.599811
28 0.679599
33 0.741390
38 0.786510
45 0.830641
52 0.859543
60 0.880888
69 0.896036
79 0.906429
91 0.913649
104 0.917626
119 0.919265
135 0.918877
154 0.916665
174 0.913249
198 0.908989
223 0.905652
252 0.903892
285 0.903928
321 0.904896
362 0.906250
407 0.907724
457 0.908493
513 0.907577
575 0.904518
645 0.898751
723 0.890109
809 0.878692
905 0.865374
1011 0.852372
1130 0.841062
1261 0.831465
1407 0.820964
1570 0.808192
1750 0.794993
1950 0.783069
