4 0.119081
5 0.153715
7 0.230256
9 0.308065
11 0.387559
13 0.457794
16 0.533870
20 0.602855
23 0.647412
28 0.712171
33 0.762989
38 0.800342
45 0.837183
52 0.861740
60 0.880115
69 0.893301
79 0.902368
91 0.908598
104 0.911901
119 0.913080
135 0.912444
154 0.910135
174 0.906707
198 0.902302
223 0.898430
252 0.895517
285 0.893885
321 0.893019
362 0.892392
407 0.891798
457 0.890521
513 0.887709
575 0.883018
645 0.875974
723 0.866606
809 0.855442
905 0.843665
1011 0.833475
1130 0.826210
1261 0.821413
1407 0.816599
1570 0.810567
1750 0.803659
1950 0.796569
