4 0.713360
5 0.715325
7 0.731704
9 0.750687
11 0.765955
13 0.777904
16 0.791971
20 0.806316
23 0.814605
28 0.824900
33 0.831917
38 0.836474
45 0.839760
52 0.840351
60 0.838627
69 0.834552
79 0.828287
91 0.819324
104 0.808658
119 0.795856
135 0.782228
154 0.766753
174 0.751683
198 0.734887
223 0.718130
252 0.699074
285 0.678336
321 0.657999
362 0.639106
407 0.624470
457 0.614322
513 0.606836
575 0.601832
645 0.599328
723 0.598405
809 0.598165
905 0.598075
1011 0.597111
1130 0.594641
1261 0.590463
1407 0.583723
1570 0.570940
1750 0.548768
1950 0.518757
