4 0.631493
5 0.630637
7 0.649251
9 0.674409
11 0.695446
13 0.711916
16 0.730666
20 0.748621
23 0.758417
28 0.769786
33 0.776598
38 0.780069
45 0.780904
52 0.778381
60 0.772611
69 0.763554
79 0.751330
91 0.734759
104 0.715400
119 0.692019
135 0.666473
154 0.636281
174 0.605583
198 0.570338
223 0.534913
252 0.495381
285 0.453792
321 0.414485
362 0.378501
407 0.349388
457 0.327018
513 0.312438
575 0.305476
645 0.304205
723 0.306971
809 0.312186
905 0.317014
1011 0.318483
1130 0.315384
1261 0.307470
1407 0.294682
1570 0.277693
1750 0.258563
1950 0.240948
