4 0.566013
5 0.530258
7 0.492462
9 0.480729
11 0.478605
13 0.481434
16 0.490165
20 0.503114
23 0.510884
28 0.519805
33 0.526490
38 0.532495
45 0.539519
52 0.544344
60 0.547297
69 0.548204
79 0.547315
91 0.545071
104 0.542451
119 0.539934
135 0.538024
154 0.536358
174 0.534247
198 0.529744
223 0.521925
252 0.509195
285 0.491509
321 0.470478
362 0.446674
407 0.422793
457 0.398238
513 0.371854
575 0.347386
645 0.325895
723 0.307019
809 0.290396
905 0.274980
1011 0.260219
1130 0.246190
1261 0.235512
1407 0.230438
1570 0.229521
1750 0.228358
1950 0.224742
