4 0.600164
5 0.633732
7 0.696790
9 0.745371
11 0.780668
13 0.806905
16 0.835338
20 0.860791
23 0.874168
28 0.889759
33 0.900012
38 0.906915
45 0.912976
52 0.916318
60 0.918055
69 0.918444
79 0.917759
91 0.915982
104 0.913217
119 0.909091
135 0.903691
154 0.896191
174 0.887397
198 0.876219
223 0.864438
252 0.850847
285 0.835855
321 0.820293
362 0.803874
407 0.787823
457 0.772595
513 0.759101
575 0.748470
645 0.741291
723 0.737304
809 0.735919
905 0.736650
1011 0.739112
1130 0.743507
1261 0.749391
1407 0.755200
1570 0.757991
1750 0.757093
1950 0.752763
