4 0.682289
5 0.709987
7 0.761897
9 0.801743
11 0.830511
13 0.851872
16 0.875073
20 0.895889
23 0.906752
28 0.919249
33 0.927362
38 0.932763
45 0.937407
52 0.939859
60 0.940986
69 0.941005
79 0.940154
91 0.938422
104 0.935957
119 0.932486
135 0.928146
154 0.922297
174 0.915555
198 0.907031
223 0.897972
252 0.887246
285 0.874835
321 0.861135
362 0.845720
407 0.829786
457 0.813997
513 0.799358
575 0.786713
645 0.776417
723 0.768798
809 0.764020
905 0.762118
1011 0.763047
1130 0.766768
1261 0.772039
1407 0.776854
1570 0.778578
1750 0.777106
1950 0.773630
