4 1.#INF00
5 -4.000000
7 -0.000000
9 -1.#IND00
11 1.#INF00
13 -1.#INF00
16 -1.#INF00
20 0.500000
23 2.000000
28 1.#INF00
33 -2.000000
38 1.000000
45 1.000000
52 4.000000
60 -1.#INF00
69 -2.000000
79 1.#INF00
91 1.#INF00
104 1.000000
119 2.000000
135 -1.#INF00
154 -1.#INF00
174 1.#INF00
198 -1.000000
223 -1.#INF00
252 -1.#INF00
285 0.000000
321 -0.000000
362 -1.#INF00
407 -4.000000
457 0.000000
513 -1.#IND00
575 -1.#IND00
645 -1.#IND00
723 -0.000000
809 -1.#IND00
905 -1.#INF00
1011 -1.#INF00
1130 -0.500000
1261 3.000000
1407 1.#INF00
1570 -1.#IND00
1750 -1.000000
1950 1.#INF00
