4 0.730629
5 0.713940
7 0.698569
9 0.700079
11 0.711558
13 0.728215
16 0.755390
20 0.785276
23 0.801238
28 0.819550
33 0.831206
38 0.838312
45 0.843513
52 0.844706
60 0.842727
69 0.838286
79 0.832750
91 0.826834
104 0.821784
119 0.817386
135 0.813902
154 0.810720
174 0.807392
198 0.803610
223 0.800391
252 0.796909
285 0.792019
321 0.785215
362 0.776627
407 0.766740
457 0.754987
513 0.741883
575 0.727943
645 0.712797
723 0.697316
809 0.680856
905 0.664071
1011 0.648922
1130 0.636698
1261 0.628101
1407 0.621237
1570 0.613803
1750 0.605037
1950 0.596250
