4 0.307247
5 0.337134
7 0.402978
9 0.475077
11 0.542801
13 0.599145
16 0.664067
20 0.724208
23 0.754466
28 0.785109
33 0.800615
38 0.807024
45 0.806878
52 0.800919
60 0.791062
69 0.779521
79 0.768359
91 0.758077
104 0.750387
119 0.744961
135 0.742156
154 0.741772
174 0.743169
198 0.745611
223 0.747149
252 0.745804
285 0.739938
321 0.730506
362 0.718737
407 0.705303
457 0.689943
513 0.674110
575 0.658716
645 0.644377
723 0.632260
809 0.621515
905 0.612135
1011 0.604544
1130 0.597865
1261 0.589693
1407 0.578130
1570 0.561314
1750 0.543305
1950 0.529055
