4 0.774014
5 0.760861
7 0.751113
9 0.755085
11 0.765659
13 0.778884
16 0.798995
20 0.820507
23 0.832082
28 0.845517
33 0.853916
38 0.858668
45 0.861443
52 0.860832
60 0.857225
69 0.851223
79 0.844156
91 0.836704
104 0.830418
119 0.825111
135 0.821216
154 0.818290
174 0.815874
198 0.813605
223 0.811837
252 0.809637
285 0.806037
321 0.800874
362 0.794660
407 0.788324
457 0.782108
513 0.776534
575 0.771736
645 0.767392
723 0.763221
809 0.757787
905 0.751300
1011 0.744522
1130 0.737461
1261 0.729790
1407 0.719272
1570 0.704394
1750 0.685083
1950 0.664565
