4 0.502827
5 0.523645
7 0.569645
9 0.618085
11 0.662738
13 0.699690
16 0.742282
20 0.781907
23 0.801912
28 0.821708
33 0.830579
38 0.832547
45 0.828079
52 0.818772
60 0.805605
69 0.790815
79 0.776736
91 0.763965
104 0.754682
119 0.748400
135 0.745459
154 0.745805
174 0.748845
198 0.754298
223 0.759633
252 0.762492
285 0.760204
321 0.753292
362 0.743638
407 0.732262
457 0.719048
513 0.706013
575 0.694386
645 0.684657
723 0.678003
809 0.673421
905 0.670337
1011 0.669036
1130 0.668972
1261 0.667354
1407 0.660742
1570 0.646912
1750 0.628636
1950 0.611844
