4 0.581050
5 0.584866
7 0.595900
9 0.610800
11 0.627734
13 0.643993
16 0.665152
20 0.688000
23 0.701327
28 0.717540
33 0.728573
38 0.735667
45 0.740370
52 0.740898
60 0.738831
69 0.735210
79 0.731077
91 0.726703
104 0.722255
119 0.716728
135 0.709959
154 0.700953
174 0.690881
198 0.678488
223 0.665266
252 0.649652
285 0.631944
321 0.613141
362 0.592481
407 0.570171
457 0.545306
513 0.517714
575 0.489673
645 0.462944
723 0.437976
809 0.413994
905 0.392011
1011 0.376677
1130 0.371070
1261 0.375643
1407 0.388249
1570 0.405032
1750 0.424342
1950 0.445243
