4 0.271333
5 0.328065
7 0.420472
9 0.489691
11 0.545849
13 0.588002
16 0.629280
20 0.663526
23 0.681593
28 0.704045
33 0.723967
38 0.742736
45 0.765341
52 0.783123
60 0.798286
69 0.810554
79 0.819930
91 0.826794
104 0.830181
119 0.830327
135 0.827546
154 0.821674
174 0.813306
198 0.801266
223 0.787731
252 0.772239
285 0.755771
321 0.739143
362 0.721460
407 0.704365
457 0.689189
513 0.676925
575 0.667821
645 0.662146
723 0.662182
809 0.667911
905 0.676664
1011 0.687653
1130 0.699380
1261 0.709200
1407 0.716454
1570 0.720456
1750 0.721525
1950 0.719580
