4 0.652971
5 0.691308
7 0.762736
9 0.816862
11 0.854289
13 0.879624
16 0.903897
20 0.922639
23 0.931178
28 0.939840
33 0.944590
38 0.947104
45 0.948411
52 0.948220
60 0.947019
69 0.945013
79 0.942410
91 0.939149
104 0.935708
119 0.932008
135 0.928358
154 0.924160
174 0.919662
198 0.914016
223 0.907811
252 0.900475
285 0.892359
321 0.883844
362 0.874431
407 0.864557
457 0.854325
513 0.843230
575 0.831134
645 0.818120
723 0.804386
809 0.790583
905 0.776929
1011 0.763466
1130 0.750497
1261 0.739746
1407 0.731497
1570 0.724100
1750 0.715415
1950 0.702808
