4 0.456244
5 0.534631
7 0.660352
9 0.747231
11 0.803784
13 0.839797
16 0.872920
20 0.898632
23 0.910856
28 0.924258
33 0.932733
38 0.938265
45 0.942962
52 0.945555
60 0.947130
69 0.947935
79 0.948151
91 0.947830
104 0.946940
119 0.945377
135 0.943313
154 0.940621
174 0.937717
198 0.934220
223 0.930537
252 0.926422
285 0.922334
321 0.918712
362 0.915411
407 0.912638
457 0.909897
513 0.906969
575 0.904285
645 0.902502
723 0.902336
809 0.903811
905 0.906552
1011 0.910081
1130 0.913634
1261 0.916494
1407 0.918057
1570 0.918154
1750 0.917106
1950 0.915627
