4 0.619022
5 0.666393
7 0.748322
9 0.809053
11 0.850323
13 0.877442
16 0.903083
20 0.923349
23 0.932959
28 0.943358
33 0.949827
38 0.953977
45 0.957419
52 0.959260
60 0.960329
69 0.960835
79 0.960911
91 0.960594
104 0.959884
119 0.958705
135 0.957182
154 0.955225
174 0.953170
198 0.950790
223 0.948362
252 0.945686
285 0.943049
321 0.940716
362 0.938514
407 0.936594
457 0.934634
513 0.932464
575 0.930401
645 0.928923
723 0.928536
809 0.929206
905 0.930759
1011 0.932884
1130 0.935089
1261 0.936861
1407 0.937693
1570 0.937420
1750 0.936250
1950 0.934819
