4 0.798986
5 0.819759
7 0.853441
9 0.877576
11 0.895278
13 0.908848
16 0.923970
20 0.937392
23 0.943993
28 0.951016
33 0.955046
38 0.957242
45 0.958487
52 0.958629
60 0.958312
69 0.957892
79 0.957282
91 0.955980
104 0.953988
119 0.951384
135 0.948864
154 0.946869
174 0.945907
198 0.945609
223 0.945677
252 0.945834
285 0.945792
321 0.945402
362 0.944539
407 0.943227
457 0.941550
513 0.939673
575 0.937837
645 0.935968
723 0.934127
809 0.932433
905 0.930853
1011 0.929376
1130 0.927868
1261 0.926678
1407 0.925801
1570 0.924957
1750 0.923680
1950 0.921507
