4 0.842731
5 0.869590
7 0.903924
9 0.923742
11 0.935790
13 0.943649
16 0.951333
20 0.957677
23 0.960852
28 0.964380
33 0.966403
38 0.967334
45 0.967344
52 0.966503
60 0.965212
69 0.963705
79 0.961883
91 0.959209
104 0.955757
119 0.951458
135 0.946952
154 0.942198
174 0.938089
198 0.934350
223 0.932104
252 0.931037
285 0.930488
321 0.929665
362 0.928102
407 0.925774
457 0.922555
513 0.918392
575 0.913732
645 0.909146
723 0.905182
809 0.902067
905 0.899887
1011 0.898933
1130 0.899159
1261 0.900239
1407 0.902169
1570 0.904652
1750 0.906332
1950 0.906295
