4 0.824500
5 0.841054
7 0.869147
9 0.889923
11 0.905300
13 0.917149
16 0.930469
20 0.942389
23 0.948276
28 0.954574
33 0.958231
38 0.960266
45 0.961515
52 0.961803
60 0.961686
69 0.961438
79 0.960979
91 0.959892
104 0.958164
119 0.955849
135 0.953588
154 0.951803
174 0.950969
198 0.950730
223 0.950795
252 0.950837
285 0.950469
321 0.949492
362 0.947788
407 0.945484
457 0.942732
513 0.939833
575 0.937339
645 0.935409
723 0.934222
809 0.933767
905 0.933839
1011 0.934298
1130 0.934845
1261 0.935619
1407 0.936547
1570 0.937328
1750 0.937209
1950 0.935807
