4 0.803377
5 0.838369
7 0.881772
9 0.906312
11 0.921105
13 0.930665
16 0.939848
20 0.947213
23 0.950795
28 0.954670
33 0.956801
38 0.957674
45 0.957422
52 0.956255
60 0.954670
69 0.952957
79 0.950957
91 0.948006
104 0.944165
119 0.939376
135 0.934312
154 0.928887
174 0.924124
198 0.919781
223 0.917089
252 0.915612
285 0.914605
321 0.913157
362 0.910625
407 0.907121
457 0.902715
513 0.897472
575 0.891750
645 0.886134
723 0.881329
809 0.877904
905 0.876011
1011 0.875833
1130 0.877140
1261 0.879612
1407 0.882792
1570 0.885781
1750 0.887418
1950 0.887069
