4 0.310761
5 0.322628
7 0.352304
9 0.379517
11 0.402094
13 0.419477
16 0.437393
20 0.456122
23 0.474939
28 0.520827
33 0.575598
38 0.632569
45 0.704921
52 0.760559
60 0.807311
69 0.843361
79 0.870272
91 0.890922
104 0.904587
119 0.913748
135 0.918794
154 0.920875
174 0.920525
198 0.919207
223 0.919013
252 0.921189
285 0.925109
321 0.928912
362 0.932174
407 0.934779
457 0.936034
513 0.935564
575 0.933281
645 0.928437
723 0.920089
809 0.907120
905 0.889194
1011 0.868217
1130 0.847529
1261 0.829587
1407 0.813312
1570 0.799020
1750 0.788115
1950 0.779400
