4 0.173611
5 0.216201
7 0.301232
9 0.372841
11 0.432052
13 0.478950
16 0.528291
20 0.572841
23 0.602783
28 0.650883
33 0.692198
38 0.724586
45 0.758405
52 0.782361
60 0.801387
69 0.815673
79 0.825835
91 0.832891
104 0.836278
119 0.836240
135 0.832673
154 0.825051
174 0.814732
198 0.801840
223 0.790406
252 0.780812
285 0.773385
321 0.767316
362 0.762198
407 0.758557
457 0.754874
513 0.749709
575 0.742301
645 0.730166
723 0.710724
809 0.682530
905 0.646445
1011 0.608641
1130 0.575865
1261 0.549481
1407 0.523662
1570 0.494556
1750 0.464425
1950 0.430927
