4 0.665498
5 0.638118
7 0.610451
9 0.600381
11 0.595110
13 0.592383
16 0.591654
20 0.593303
23 0.594502
28 0.596099
33 0.598580
38 0.602151
45 0.607464
52 0.611915
60 0.615700
69 0.618633
79 0.620768
91 0.622538
104 0.624164
119 0.625871
135 0.627372
154 0.628541
174 0.628645
198 0.626795
223 0.622389
252 0.614268
285 0.602269
321 0.587576
362 0.571159
407 0.555519
457 0.540487
513 0.523686
575 0.507068
645 0.492215
723 0.479553
809 0.469325
905 0.461924
1011 0.455692
1130 0.449059
1261 0.441329
1407 0.432117
1570 0.418407
1750 0.396977
1950 0.369331
