4 0.473372
5 0.380363
7 0.275251
9 0.247294
11 0.248425
13 0.264600
16 0.306247
20 0.375620
23 0.427982
28 0.501296
33 0.555332
38 0.597841
45 0.642451
52 0.672871
60 0.696315
69 0.714460
79 0.728511
91 0.740615
104 0.750380
119 0.758798
135 0.765143
154 0.769812
174 0.772042
198 0.771895
223 0.769041
252 0.763038
285 0.753652
321 0.741398
362 0.726034
407 0.708456
457 0.688798
513 0.667241
575 0.644319
645 0.619647
723 0.592687
809 0.562801
905 0.530039
1011 0.496922
1130 0.465118
1261 0.436835
1407 0.413677
1570 0.398421
1750 0.393186
1950 0.397290
