4 0.433112
5 0.337708
7 0.225733
9 0.193893
11 0.194571
13 0.213289
16 0.263633
20 0.349889
23 0.415367
28 0.506353
33 0.572076
38 0.622727
45 0.676062
52 0.713295
60 0.742694
69 0.765209
79 0.781873
91 0.794945
104 0.803992
119 0.810311
135 0.813862
154 0.815276
174 0.814620
198 0.811837
223 0.807122
252 0.799945
285 0.790212
321 0.778265
362 0.763620
407 0.747296
457 0.729947
513 0.712083
575 0.694239
645 0.676093
723 0.657422
809 0.637799
905 0.617159
1011 0.597233
1130 0.578725
1261 0.562354
1407 0.548905
1570 0.540930
1750 0.541937
1950 0.552936
