4 0.446482
5 0.482209
7 0.548324
9 0.603068
11 0.645608
13 0.677769
16 0.712551
20 0.742992
23 0.758187
28 0.774317
33 0.783074
38 0.787093
45 0.787584
52 0.784523
60 0.778971
69 0.771520
79 0.763262
91 0.754705
104 0.746745
119 0.738286
135 0.729528
154 0.719301
174 0.708685
198 0.695989
223 0.682684
252 0.667496
285 0.651101
321 0.635034
362 0.619679
407 0.606367
457 0.594845
513 0.584720
575 0.576384
645 0.570080
723 0.564696
809 0.557869
905 0.548111
1011 0.536519
1130 0.524024
1261 0.510178
1407 0.492858
1570 0.467290
1750 0.430146
1950 0.383635
