4 0.559057
5 0.586329
7 0.637703
9 0.681380
11 0.716263
13 0.743325
16 0.773264
20 0.800198
23 0.813917
28 0.828729
33 0.837096
38 0.841326
45 0.842715
52 0.840947
60 0.837052
69 0.831603
79 0.825555
91 0.819343
104 0.813563
119 0.807326
135 0.800677
154 0.792737
174 0.784413
198 0.774413
223 0.763872
252 0.751403
285 0.736883
321 0.721073
362 0.703752
407 0.686084
457 0.668011
513 0.649356
575 0.631364
645 0.615007
723 0.600129
809 0.585287
905 0.570161
1011 0.556387
1130 0.544510
1261 0.534797
1407 0.526538
1570 0.516744
1750 0.504475
1950 0.492894
