4 0.490942
5 0.496044
7 0.509229
9 0.526198
11 0.545197
13 0.563398
16 0.587381
20 0.613617
23 0.628986
28 0.647741
33 0.660564
38 0.669047
45 0.675324
52 0.677212
60 0.676733
69 0.675156
79 0.673754
91 0.672872
104 0.671986
119 0.669925
135 0.666187
154 0.660340
174 0.653430
198 0.644904
223 0.635892
252 0.625573
285 0.614644
321 0.603974
362 0.593376
407 0.583069
457 0.572118
513 0.559829
575 0.547584
645 0.537002
723 0.527380
809 0.516284
905 0.502727
1011 0.487872
1130 0.474210
1261 0.464822
1407 0.458522
1570 0.452018
1750 0.444489
1950 0.438377
