4 0.652234
5 0.653757
7 0.665248
9 0.683142
11 0.702773
13 0.722089
16 0.748625
20 0.778421
23 0.796266
28 0.818366
33 0.833550
38 0.844159
45 0.853774
52 0.859284
60 0.862509
69 0.863928
79 0.864049
91 0.863034
104 0.861019
119 0.857944
135 0.854173
154 0.849267
174 0.843835
198 0.837225
223 0.830111
252 0.821088
285 0.809789
321 0.796641
362 0.781348
407 0.765034
457 0.748573
513 0.733449
575 0.720033
645 0.707030
723 0.693478
809 0.679599
905 0.666200
1011 0.655499
1130 0.648572
1261 0.646470
1407 0.649610
1570 0.656081
1750 0.662836
1950 0.668783
