4 0.581560
5 0.581980
7 0.591383
9 0.609543
11 0.631736
13 0.654685
16 0.687159
20 0.724232
23 0.746524
28 0.773994
33 0.792727
38 0.805858
45 0.817958
52 0.825275
60 0.830230
69 0.833316
79 0.834974
91 0.835425
104 0.834639
119 0.832568
135 0.829359
154 0.824489
174 0.818563
198 0.811117
223 0.803162
252 0.793439
285 0.782133
321 0.770286
362 0.757807
407 0.745650
457 0.734797
513 0.726778
575 0.721691
645 0.717899
723 0.713401
809 0.707736
905 0.701339
1011 0.695905
1130 0.692470
1261 0.691493
1407 0.692958
1570 0.695094
1750 0.696568
1950 0.697917
