4 0.597371
5 0.599849
7 0.613325
9 0.632172
11 0.652424
13 0.672223
16 0.699842
20 0.730875
23 0.748727
28 0.769533
33 0.782507
38 0.790463
45 0.795930
52 0.797036
60 0.794863
69 0.789534
79 0.781518
91 0.770647
104 0.758797
119 0.745980
135 0.733514
154 0.720238
174 0.707671
198 0.693695
223 0.679499
252 0.663291
285 0.645622
321 0.627281
362 0.607257
407 0.586524
457 0.565704
513 0.545254
575 0.525275
645 0.504600
723 0.483104
809 0.460580
905 0.437043
1011 0.414831
1130 0.395617
1261 0.380291
1407 0.365741
1570 0.346655
1750 0.322823
1950 0.299362
