4 0.488112
5 0.489332
7 0.500543
9 0.520229
11 0.543868
13 0.568561
16 0.604843
20 0.646777
23 0.670982
28 0.698853
33 0.715818
38 0.725947
45 0.732439
52 0.733104
60 0.729416
69 0.721695
79 0.710695
91 0.696264
104 0.680742
119 0.663884
135 0.647482
154 0.630255
174 0.614358
198 0.597169
223 0.580290
252 0.561720
285 0.542207
321 0.522514
362 0.501751
407 0.481986
457 0.464582
513 0.450240
575 0.438866
645 0.429123
723 0.420087
809 0.411109
905 0.402969
1011 0.397116
1130 0.392948
1261 0.387772
1407 0.375785
1570 0.353591
1750 0.320827
1950 0.279430
