4 0.723324
5 0.734020
7 0.748620
9 0.757576
11 0.764100
13 0.769546
16 0.776820
20 0.785305
23 0.790006
28 0.792503
33 0.788595
38 0.781783
45 0.772255
52 0.763975
60 0.757423
69 0.754111
79 0.753684
91 0.755583
104 0.759263
119 0.764347
135 0.769849
154 0.776363
174 0.783165
198 0.791501
223 0.800336
252 0.810362
285 0.820727
321 0.830272
362 0.838537
407 0.845212
457 0.850888
513 0.855745
575 0.859618
645 0.862565
723 0.864661
809 0.865932
905 0.866475
1011 0.866456
1130 0.865799
1261 0.864296
1407 0.861871
1570 0.859070
1750 0.855128
1950 0.849962
