4 0.613681
5 0.622832
7 0.633777
9 0.636936
11 0.637042
13 0.636767
16 0.637887
20 0.643953
23 0.650995
28 0.661435
33 0.664864
38 0.662291
45 0.656535
52 0.652385
60 0.650013
69 0.651420
79 0.656659
91 0.665914
104 0.678378
119 0.693979
135 0.710131
154 0.727767
174 0.744044
198 0.760926
223 0.776081
252 0.791161
285 0.805413
321 0.818051
362 0.829722
407 0.840457
457 0.851098
513 0.861960
575 0.872650
645 0.882880
723 0.891880
809 0.898798
905 0.903060
1011 0.904401
1130 0.903138
1261 0.899969
1407 0.895744
1570 0.891842
1750 0.887541
1950 0.882343
