4 0.237494
5 0.234320
7 0.242266
9 0.256638
11 0.273353
13 0.289740
16 0.311462
20 0.341003
23 0.369247
28 0.425954
33 0.487035
38 0.552377
45 0.638542
52 0.706436
60 0.766858
69 0.814441
79 0.851086
91 0.879981
104 0.899928
119 0.914266
135 0.923444
154 0.929584
174 0.933113
198 0.935933
223 0.938931
252 0.943027
285 0.947693
321 0.951809
362 0.955263
407 0.958057
457 0.960117
513 0.961151
575 0.960909
645 0.959044
723 0.955200
809 0.949002
905 0.940293
1011 0.929866
1130 0.918405
1261 0.906439
1407 0.893412
1570 0.879567
1750 0.866837
1950 0.855661
