4 0.294349
5 0.296454
7 0.310239
9 0.327543
11 0.347357
13 0.367519
16 0.397479
20 0.442325
23 0.480655
28 0.542144
33 0.596171
38 0.648597
45 0.713381
52 0.763415
60 0.808123
69 0.844112
79 0.872463
91 0.895364
104 0.911502
119 0.923310
135 0.930997
154 0.936206
174 0.939202
198 0.941564
223 0.944051
252 0.947448
285 0.951303
321 0.954663
362 0.957439
407 0.959651
457 0.961210
513 0.961836
575 0.961295
645 0.959246
723 0.955398
809 0.949530
905 0.941573
1011 0.932263
1130 0.922358
1261 0.912349
1407 0.901624
1570 0.890726
1750 0.880979
1950 0.872374
