4 0.501259
5 0.410331
7 0.296302
9 0.264945
11 0.270696
13 0.295951
16 0.352467
20 0.436462
23 0.497067
28 0.581942
33 0.642242
38 0.686367
45 0.731926
52 0.762798
60 0.786879
69 0.805455
79 0.819784
91 0.831908
104 0.841400
119 0.849607
135 0.856501
154 0.863151
174 0.868800
198 0.873994
223 0.877789
252 0.880644
285 0.882654
321 0.883973
362 0.884670
407 0.884540
457 0.883515
513 0.881615
575 0.878892
645 0.875133
723 0.870285
809 0.864711
905 0.858705
1011 0.852438
1130 0.845950
1261 0.840004
1407 0.835459
1570 0.832849
1750 0.832517
1950 0.834795
