4 0.553268
5 0.466519
7 0.360889
9 0.332045
11 0.335176
13 0.354327
16 0.398027
20 0.462514
23 0.508871
28 0.575143
33 0.624270
38 0.661740
45 0.702194
52 0.730866
60 0.754238
69 0.773395
79 0.789411
91 0.804418
104 0.817676
119 0.830553
135 0.842263
154 0.853976
174 0.864010
198 0.873260
223 0.880182
252 0.885712
285 0.890003
321 0.893188
362 0.895402
407 0.896412
457 0.896411
513 0.895702
575 0.894590
645 0.893190
723 0.891582
809 0.889747
905 0.887488
1011 0.884909
1130 0.882232
1261 0.879977
1407 0.878398
1570 0.877644
1750 0.877719
1950 0.878749
