4 0.290403
5 0.296183
7 0.334956
9 0.410366
11 0.494598
13 0.569902
16 0.656170
20 0.731955
23 0.770694
28 0.815765
33 0.845908
38 0.866573
45 0.885383
52 0.896894
60 0.904826
69 0.909843
79 0.912544
91 0.913392
104 0.912594
119 0.910409
135 0.907150
154 0.902546
174 0.897229
198 0.890419
223 0.882952
252 0.874135
285 0.864512
321 0.854916
362 0.845141
407 0.835745
457 0.826817
513 0.818744
575 0.812034
645 0.806499
723 0.801557
809 0.796970
905 0.791953
1011 0.785925
1130 0.778361
1261 0.769925
1407 0.761806
1570 0.754457
1750 0.747650
1950 0.741212
