4 0.634591
5 0.639276
7 0.666340
9 0.697971
11 0.724829
13 0.746469
16 0.770908
20 0.792769
23 0.803664
28 0.814970
33 0.820748
38 0.823047
45 0.822594
52 0.819457
60 0.813802
69 0.805650
79 0.795258
91 0.782030
104 0.767605
119 0.751869
135 0.737016
154 0.721861
174 0.707944
198 0.692069
223 0.674740
252 0.653212
285 0.628337
321 0.602943
362 0.577434
407 0.553191
457 0.530048
513 0.508467
575 0.488884
645 0.470548
723 0.453691
809 0.438799
905 0.427519
1011 0.420526
1130 0.415397
1261 0.409429
1407 0.401958
1570 0.390724
1750 0.374802
1950 0.356052
