4 0.319376
5 0.383952
7 0.511443
9 0.622855
11 0.708372
13 0.768224
16 0.825638
20 0.868583
23 0.887339
28 0.905548
33 0.915123
38 0.920232
45 0.923114
52 0.922991
60 0.920928
69 0.917641
79 0.913750
91 0.909289
104 0.904837
119 0.900104
135 0.895361
154 0.889839
174 0.883761
198 0.875547
223 0.865494
252 0.851796
285 0.833835
321 0.812416
362 0.787502
407 0.760674
457 0.731785
513 0.700156
575 0.666322
645 0.630249
723 0.592061
809 0.551072
905 0.506944
1011 0.460909
1130 0.413769
1261 0.369271
1407 0.326727
1570 0.285522
1750 0.248180
1950 0.216002
