4 0.641138
5 0.635234
7 0.641671
9 0.662102
11 0.689615
13 0.719278
16 0.760626
20 0.801889
23 0.822877
28 0.845544
33 0.858813
38 0.866632
45 0.872317
52 0.874211
60 0.873456
69 0.870696
79 0.866832
91 0.862344
104 0.858331
119 0.855127
135 0.853562
154 0.853844
174 0.855584
198 0.858270
223 0.860300
252 0.860063
285 0.856140
321 0.849472
362 0.841887
407 0.834300
457 0.826030
513 0.817745
575 0.810330
645 0.803773
723 0.799101
809 0.795547
905 0.791989
1011 0.787540
1130 0.781225
1261 0.772218
1407 0.759074
1570 0.741316
1750 0.716719
1950 0.684002
