4 0.288515
5 0.282618
7 0.306650
9 0.370625
11 0.447932
13 0.522649
16 0.614501
20 0.699647
23 0.743677
28 0.794435
33 0.828026
38 0.851554
45 0.874072
52 0.888911
60 0.900126
69 0.908320
79 0.914043
91 0.917936
104 0.919872
119 0.920312
135 0.919482
154 0.917489
174 0.914767
198 0.911074
223 0.907043
252 0.902477
285 0.897648
321 0.892674
362 0.887077
407 0.880710
457 0.873242
513 0.864231
575 0.853647
645 0.841342
723 0.827677
809 0.813513
905 0.798612
1011 0.782922
1130 0.765974
1261 0.748516
1407 0.731021
1570 0.713308
1750 0.696873
1950 0.684418
