4 0.467653
5 0.379461
7 0.283696
9 0.260059
11 0.260587
13 0.272353
16 0.303063
20 0.356804
23 0.400258
28 0.464638
33 0.511064
38 0.545380
45 0.583125
52 0.610470
60 0.633761
69 0.653762
79 0.671464
91 0.688881
104 0.704578
119 0.719529
135 0.732364
154 0.744008
174 0.753006
198 0.760725
223 0.766386
252 0.770952
285 0.774202
321 0.775697
362 0.774971
407 0.771643
457 0.765817
513 0.757552
575 0.747100
645 0.734343
723 0.719522
809 0.702722
905 0.682784
1011 0.659113
1130 0.631021
1261 0.599758
1407 0.567705
1570 0.537461
1750 0.512770
1950 0.498736
