4 0.179332
5 0.188271
7 0.229184
9 0.301833
11 0.387502
13 0.469851
16 0.570215
20 0.662486
23 0.710205
28 0.766083
33 0.804284
38 0.831643
45 0.857995
52 0.875188
60 0.887902
69 0.896856
79 0.902737
91 0.906239
104 0.907320
119 0.906394
135 0.903754
154 0.899274
174 0.893658
198 0.886163
223 0.877843
252 0.868099
285 0.857523
321 0.846874
362 0.835706
407 0.824175
457 0.811890
513 0.798181
575 0.782925
645 0.766242
723 0.749313
809 0.734243
905 0.721654
1011 0.711764
1130 0.703340
1261 0.696688
1407 0.691952
1570 0.688861
1750 0.687457
1950 0.687688
