4 0.659125
5 0.655957
7 0.671196
9 0.698627
11 0.728444
13 0.756419
16 0.792643
20 0.830142
23 0.850792
28 0.874760
33 0.890529
38 0.901298
45 0.911045
52 0.916983
60 0.921053
69 0.923504
79 0.924529
91 0.924276
104 0.922900
119 0.920535
135 0.917628
154 0.914198
174 0.910857
198 0.906953
223 0.902436
252 0.896289
285 0.888210
321 0.878440
362 0.866637
407 0.853558
457 0.838991
513 0.822420
575 0.804034
645 0.783459
723 0.761690
809 0.740039
905 0.720442
1011 0.704558
1130 0.693167
1261 0.687093
1407 0.686321
1570 0.690452
1750 0.697893
1950 0.707618
