4 0.570134
5 0.566624
7 0.585305
9 0.618166
11 0.654375
13 0.689134
16 0.735242
20 0.784150
23 0.811606
28 0.843586
33 0.864353
38 0.878367
45 0.890914
52 0.898382
60 0.903300
69 0.906073
79 0.907045
91 0.906427
104 0.904478
119 0.901401
135 0.897864
154 0.894056
174 0.890713
198 0.887020
223 0.882523
252 0.875796
285 0.866161
321 0.853956
362 0.839201
407 0.822961
457 0.804857
513 0.784483
575 0.762379
645 0.738507
723 0.714190
809 0.690762
905 0.669889
1011 0.653553
1130 0.642971
1261 0.639034
1407 0.641496
1570 0.649871
1750 0.661893
1950 0.675605
