4 0.693496
5 0.701346
7 0.725142
9 0.749347
11 0.769403
13 0.785572
16 0.804233
20 0.821902
23 0.831525
28 0.842859
33 0.850196
38 0.854860
45 0.858340
52 0.859416
60 0.858748
69 0.856631
79 0.853760
91 0.849729
104 0.844634
119 0.838417
135 0.831933
154 0.824771
174 0.817836
198 0.810070
223 0.802582
252 0.794505
285 0.786013
321 0.777584
362 0.768925
407 0.760632
457 0.752957
513 0.746141
575 0.740418
645 0.736022
723 0.733525
809 0.732260
905 0.731877
1011 0.732126
1130 0.731765
1261 0.731249
1407 0.731207
1570 0.729984
1750 0.724237
1950 0.714336
