4 0.598634
5 0.608130
7 0.639469
9 0.673132
11 0.701501
13 0.724518
16 0.750901
20 0.775092
23 0.787807
28 0.802233
33 0.811029
38 0.816177
45 0.819444
52 0.819784
60 0.817989
69 0.814540
79 0.810318
91 0.804660
104 0.797908
119 0.790227
135 0.782668
154 0.774579
174 0.766723
198 0.757656
223 0.748448
252 0.737829
285 0.726024
321 0.713983
362 0.701472
407 0.689359
457 0.677979
513 0.668237
575 0.661055
645 0.656961
723 0.656516
809 0.658769
905 0.663173
1011 0.669907
1130 0.677990
1261 0.687013
1407 0.696832
1570 0.703743
1750 0.702819
1950 0.695055
