4 0.594651
5 0.567813
7 0.538460
9 0.529654
11 0.528805
13 0.531690
16 0.538417
20 0.546463
23 0.550581
28 0.554546
33 0.556883
38 0.558417
45 0.559415
52 0.559208
60 0.557835
69 0.555168
79 0.551228
91 0.545828
104 0.539396
119 0.531722
135 0.524443
154 0.517941
174 0.513766
198 0.511616
223 0.511858
252 0.513658
285 0.515721
321 0.516515
362 0.514759
407 0.509986
457 0.502329
513 0.492437
575 0.481482
645 0.470627
723 0.460687
809 0.452125
905 0.444749
1011 0.439456
1130 0.438473
1261 0.444431
1407 0.455588
1570 0.468945
1750 0.480226
1950 0.489852
