4 0.641296
5 0.667645
7 0.708357
9 0.738550
11 0.763033
13 0.782776
16 0.805444
20 0.827181
23 0.838161
28 0.850074
33 0.859897
38 0.868522
45 0.877903
52 0.884710
60 0.890009
69 0.893982
79 0.896787
91 0.898507
104 0.898872
119 0.897888
135 0.895769
154 0.892309
174 0.887648
198 0.880970
223 0.873357
252 0.864381
285 0.854359
321 0.843716
362 0.831762
407 0.819342
457 0.807191
513 0.795950
575 0.786358
645 0.778648
723 0.773696
809 0.770914
905 0.769311
1011 0.769878
1130 0.772367
1261 0.775973
1407 0.780370
1570 0.784383
1750 0.786555
1950 0.787247
