4 0.731581
5 0.729781
7 0.731706
9 0.737490
11 0.746685
13 0.759105
16 0.782199
20 0.812225
23 0.827736
28 0.841428
33 0.850322
38 0.857294
45 0.863747
52 0.867945
60 0.870523
69 0.872196
79 0.873361
91 0.874298
104 0.874992
119 0.875469
135 0.875685
154 0.875412
174 0.874037
198 0.871146
223 0.867336
252 0.862497
285 0.856918
321 0.851139
362 0.844820
407 0.838147
457 0.831225
513 0.824210
575 0.817792
645 0.812213
723 0.807384
809 0.802376
905 0.797559
1011 0.794665
1130 0.793582
1261 0.793924
1407 0.795260
1570 0.798228
1750 0.803699
1950 0.812354
