4 0.360293
5 0.370288
7 0.393658
9 0.417790
11 0.442697
13 0.467928
16 0.504920
20 0.552729
23 0.588493
28 0.645870
33 0.696841
38 0.741100
45 0.789508
52 0.824237
60 0.852303
69 0.874011
79 0.890662
91 0.904355
104 0.914572
119 0.922929
135 0.929519
154 0.935595
174 0.940899
198 0.946547
223 0.951801
252 0.956912
285 0.961352
321 0.964798
362 0.967465
407 0.969317
457 0.970396
513 0.970707
575 0.970206
645 0.968721
723 0.966016
809 0.962028
905 0.957084
1011 0.951962
1130 0.947268
1261 0.943234
1407 0.938918
1570 0.933684
1750 0.929156
1950 0.927173
