4 0.388565
5 0.405304
7 0.439128
9 0.470334
11 0.500716
13 0.530174
16 0.570966
20 0.619646
23 0.653157
28 0.702973
33 0.745397
38 0.781587
45 0.820732
52 0.849001
60 0.872060
69 0.890120
79 0.904102
91 0.915697
104 0.924425
119 0.931626
135 0.937317
154 0.942521
174 0.947028
198 0.951845
223 0.956373
252 0.960833
285 0.964765
321 0.967866
362 0.970291
407 0.971981
457 0.972965
513 0.973246
575 0.972780
645 0.971398
723 0.968894
809 0.965195
905 0.960507
1011 0.955436
1130 0.950530
1261 0.946062
1407 0.941170
1570 0.935458
1750 0.930892
1950 0.929592
