4 0.061884
5 0.085967
7 0.143928
9 0.207414
11 0.275392
13 0.342976
16 0.431416
20 0.524824
23 0.584416
28 0.666926
33 0.728092
38 0.771369
45 0.812108
52 0.838408
60 0.857975
69 0.872026
79 0.881802
91 0.888772
104 0.892938
119 0.895286
135 0.896148
154 0.896127
174 0.895852
198 0.895991
223 0.896883
252 0.898510
285 0.900514
321 0.902475
362 0.904356
407 0.905916
457 0.906897
513 0.906913
575 0.905361
645 0.901507
723 0.894931
809 0.886035
905 0.875641
1011 0.864965
1130 0.854392
1261 0.843287
1407 0.829706
1570 0.812537
1750 0.793801
1950 0.775157
