4 0.686085
5 0.708545
7 0.741722
9 0.762757
11 0.777602
13 0.788006
16 0.797500
20 0.802741
23 0.802701
28 0.798320
33 0.792497
38 0.786316
45 0.777041
52 0.766716
60 0.754147
69 0.740142
79 0.725497
91 0.709500
104 0.693720
119 0.676511
135 0.658419
154 0.636815
174 0.613747
198 0.585777
223 0.556869
252 0.524547
285 0.490546
321 0.457890
362 0.426944
407 0.400113
457 0.377257
513 0.357787
575 0.341180
645 0.326382
723 0.312965
809 0.300456
905 0.288236
1011 0.276138
1130 0.263368
1261 0.249680
1407 0.234207
1570 0.216229
1750 0.197313
1950 0.178440
