4 0.702380
5 0.709301
7 0.731766
9 0.754432
11 0.771914
13 0.785266
16 0.799975
20 0.813404
23 0.820598
28 0.829052
33 0.834413
38 0.837542
45 0.839256
52 0.838888
60 0.836747
69 0.833023
79 0.828025
91 0.821507
104 0.814486
119 0.806947
135 0.799922
154 0.793009
174 0.787051
198 0.780913
223 0.774935
252 0.767577
285 0.758010
321 0.746681
362 0.734370
407 0.722826
457 0.713642
513 0.707806
575 0.705641
645 0.705033
723 0.705218
809 0.706275
905 0.707891
1011 0.709542
1130 0.711842
1261 0.712906
1407 0.712893
1570 0.711080
1750 0.707281
1950 0.702560
