4 0.579984
5 0.604695
7 0.672056
9 0.734394
11 0.782765
13 0.818736
16 0.856219
20 0.887571
23 0.902906
28 0.919587
33 0.930044
38 0.937131
45 0.943767
52 0.948216
60 0.951763
69 0.954527
79 0.956651
91 0.958346
104 0.959406
119 0.959839
135 0.959675
154 0.958993
174 0.957907
198 0.956199
223 0.954077
252 0.951409
285 0.948297
321 0.944948
362 0.941321
407 0.937674
457 0.933902
513 0.929781
575 0.925482
645 0.921220
723 0.917266
809 0.913779
905 0.910761
1011 0.908284
1130 0.906158
1261 0.904644
1407 0.904087
1570 0.904250
1750 0.905133
1950 0.906348
