4 0.650993
5 0.676007
7 0.710857
9 0.732699
11 0.747807
13 0.758207
16 0.767659
20 0.774049
23 0.775739
28 0.774658
33 0.772434
38 0.770250
45 0.766843
52 0.762667
60 0.756750
69 0.749041
79 0.739541
91 0.727110
104 0.712576
119 0.695240
135 0.676846
154 0.655909
174 0.635071
198 0.611716
223 0.589382
252 0.565856
285 0.542111
321 0.519504
362 0.496975
407 0.475612
457 0.456135
513 0.440043
575 0.428824
645 0.423176
723 0.423106
809 0.426896
905 0.431734
1011 0.435027
1130 0.435195
1261 0.432708
1407 0.430522
1570 0.432370
1750 0.442363
1950 0.460339
