4 0.424609
5 0.472486
7 0.541315
9 0.582249
11 0.609386
13 0.627127
16 0.640479
20 0.645632
23 0.645720
28 0.642706
33 0.639788
38 0.638352
45 0.637979
52 0.637856
60 0.636938
69 0.634458
79 0.629532
91 0.620297
104 0.606481
119 0.587430
135 0.565605
154 0.539802
174 0.514374
198 0.487546
223 0.464483
252 0.443100
285 0.423785
321 0.406249
362 0.388767
407 0.372256
457 0.357964
513 0.347716
575 0.342820
645 0.343207
723 0.348946
809 0.359076
905 0.372542
1011 0.387287
1130 0.402410
1261 0.417745
1407 0.433805
1570 0.448859
1750 0.460817
1950 0.470697
