4 0.724348
5 0.724176
7 0.725996
9 0.729954
11 0.736605
13 0.745771
16 0.762711
20 0.784615
23 0.795762
28 0.804622
33 0.808634
38 0.811224
45 0.813155
52 0.813970
60 0.814104
69 0.814142
79 0.813995
91 0.813022
104 0.810842
119 0.807386
135 0.803120
154 0.797958
174 0.792278
198 0.784943
223 0.776913
252 0.767383
285 0.756883
321 0.746639
362 0.736983
407 0.728817
457 0.722557
513 0.718949
575 0.718410
645 0.720664
723 0.724696
809 0.729331
905 0.734142
1011 0.738528
1130 0.742525
1261 0.746175
1407 0.750138
1570 0.754013
1750 0.757814
1950 0.761026
