4 0.616692
5 0.618573
7 0.623434
9 0.629071
11 0.637994
13 0.650542
16 0.672930
20 0.700409
23 0.714449
28 0.726190
33 0.732165
38 0.737089
45 0.743179
52 0.748491
60 0.753613
69 0.758704
79 0.763032
91 0.765615
104 0.765373
119 0.762602
135 0.758215
154 0.752613
174 0.746571
198 0.739334
223 0.732313
252 0.724969
285 0.717799
321 0.711642
362 0.706815
407 0.703905
457 0.703128
513 0.704856
575 0.709146
645 0.715406
723 0.722440
809 0.729293
905 0.735831
1011 0.741887
1130 0.747777
1261 0.753891
1407 0.761103
1570 0.767692
1750 0.772067
1950 0.774746
