4 0.704811
5 0.697826
7 0.700155
9 0.714704
11 0.735382
13 0.758231
16 0.791085
20 0.825469
23 0.843814
28 0.864706
33 0.877844
38 0.886310
45 0.893357
52 0.896740
60 0.897664
69 0.896592
79 0.894156
91 0.890764
104 0.887390
119 0.884352
135 0.882255
154 0.880930
174 0.880123
198 0.879270
223 0.877998
252 0.875318
285 0.870472
321 0.863973
362 0.856890
407 0.850086
457 0.843267
513 0.836818
575 0.831384
645 0.827051
723 0.824578
809 0.823191
905 0.822003
1011 0.820459
1130 0.817983
1261 0.813719
1407 0.806340
1570 0.795187
1750 0.778611
1950 0.755981
