4 0.490928
5 0.534808
7 0.623500
9 0.703217
11 0.766157
13 0.811437
16 0.856157
20 0.890717
23 0.906202
28 0.921597
33 0.930017
38 0.934809
45 0.937946
52 0.938504
60 0.937429
69 0.935239
79 0.932363
91 0.928830
104 0.925191
119 0.921309
135 0.917417
154 0.912832
174 0.907708
198 0.900760
223 0.892466
252 0.881722
285 0.868456
321 0.853383
362 0.836423
407 0.818546
457 0.799871
513 0.780123
575 0.759765
645 0.739347
723 0.719263
809 0.699106
905 0.678943
1011 0.660197
1130 0.643332
1261 0.629448
1407 0.617236
1570 0.603828
1750 0.587760
1950 0.568349
