4 0.610340
5 0.614092
7 0.639810
9 0.670172
11 0.694813
13 0.714226
16 0.736029
20 0.755773
23 0.766010
28 0.777376
33 0.783683
38 0.786314
45 0.785720
52 0.781989
60 0.775482
69 0.766662
79 0.756048
91 0.743083
104 0.729685
119 0.715836
135 0.703539
154 0.692418
174 0.684232
198 0.677622
223 0.672472
252 0.665920
285 0.655886
321 0.643295
362 0.630602
407 0.620511
457 0.613872
513 0.610847
575 0.611800
645 0.615066
723 0.620166
809 0.626844
905 0.634411
1011 0.641733
1130 0.648994
1261 0.653257
1407 0.655435
1570 0.656810
1750 0.658481
1950 0.660866
