4 0.545006
5 0.511173
7 0.477267
9 0.468161
11 0.467868
13 0.471907
16 0.481676
20 0.496084
23 0.505234
28 0.515467
33 0.521148
38 0.524352
45 0.525684
52 0.524119
60 0.520359
69 0.515815
79 0.511555
91 0.507685
104 0.504876
119 0.502829
135 0.501343
154 0.499471
174 0.496657
198 0.492086
223 0.486751
252 0.480841
285 0.474272
321 0.466070
362 0.454822
407 0.441427
457 0.429029
513 0.419108
575 0.412036
645 0.407195
723 0.404364
809 0.403466
905 0.407152
1011 0.417605
1130 0.435209
1261 0.458322
1407 0.483405
1570 0.506626
1750 0.526226
1950 0.540386
