4 0.657484
5 0.635953
7 0.617545
9 0.613518
11 0.612375
13 0.611946
16 0.611552
20 0.611205
23 0.610649
28 0.608685
33 0.606370
38 0.604565
45 0.602654
52 0.600613
60 0.597655
69 0.594273
79 0.590923
91 0.587375
104 0.583881
119 0.579969
135 0.575739
154 0.570340
174 0.564293
198 0.557017
223 0.550251
252 0.543895
285 0.537663
321 0.530271
362 0.520129
407 0.507811
457 0.496124
513 0.487041
575 0.481492
645 0.479126
723 0.479111
809 0.480137
905 0.483246
1011 0.489546
1130 0.500155
1261 0.514378
1407 0.529994
1570 0.543467
1750 0.552008
1950 0.554475
