4 0.605507
5 0.600587
7 0.596996
9 0.597869
11 0.605320
13 0.619576
16 0.649651
20 0.690551
23 0.712121
28 0.730991
33 0.743288
38 0.753915
45 0.765597
52 0.775177
60 0.783560
69 0.791490
79 0.798965
91 0.806354
104 0.812623
119 0.817945
135 0.821764
154 0.824003
174 0.823673
198 0.820841
223 0.816634
252 0.811429
285 0.805972
321 0.801052
362 0.796436
407 0.792474
457 0.789342
513 0.786761
575 0.785151
645 0.784796
723 0.785191
809 0.784632
905 0.782887
1011 0.781619
1130 0.780837
1261 0.780925
1407 0.782573
1570 0.786486
1750 0.793272
1950 0.803397
