4 0.666216
5 0.637222
7 0.607058
9 0.595541
11 0.589661
13 0.586094
16 0.582724
20 0.579458
23 0.577251
28 0.574397
33 0.573759
38 0.575422
45 0.579515
52 0.583530
60 0.586978
69 0.588902
79 0.588680
91 0.586152
104 0.581521
119 0.574229
135 0.564731
154 0.551958
174 0.537699
198 0.520380
223 0.502943
252 0.485012
285 0.468889
321 0.455799
362 0.444365
407 0.434122
457 0.424243
513 0.414543
575 0.405380
645 0.397949
723 0.394111
809 0.394012
905 0.396593
1011 0.400120
1130 0.403097
1261 0.405400
1407 0.408090
1570 0.412069
1750 0.418141
1950 0.425189
