4 0.713939
5 0.717751
7 0.738113
9 0.760968
11 0.780182
13 0.795708
16 0.813608
20 0.830365
23 0.839075
28 0.848471
33 0.853688
38 0.856282
45 0.857090
52 0.855769
60 0.852578
69 0.847502
79 0.840724
91 0.831860
104 0.821948
119 0.810764
135 0.799642
154 0.787439
174 0.775374
198 0.761042
223 0.745584
252 0.727373
285 0.707810
321 0.689155
362 0.671576
407 0.656318
457 0.643527
513 0.633406
575 0.625769
645 0.619996
723 0.615761
809 0.612482
905 0.609999
1011 0.607700
1130 0.604100
1261 0.598211
1407 0.590108
1570 0.579144
1750 0.564770
1950 0.547421
