4 0.568755
5 0.536436
7 0.500847
9 0.488912
11 0.485794
13 0.486854
16 0.491643
20 0.498333
23 0.501942
28 0.505235
33 0.507126
38 0.509028
45 0.511570
52 0.513400
60 0.514568
69 0.514651
79 0.513164
91 0.509936
104 0.505579
119 0.500072
135 0.494072
154 0.486886
174 0.479202
198 0.469447
223 0.458741
252 0.446764
285 0.435564
321 0.426302
362 0.417508
407 0.408378
457 0.398406
513 0.387175
575 0.374494
645 0.360946
723 0.348094
809 0.336695
905 0.327196
1011 0.319495
1130 0.313054
1261 0.307365
1407 0.304728
1570 0.307509
1750 0.316150
1950 0.328671
