4 0.414627
5 0.427149
7 0.457870
9 0.491235
11 0.524070
13 0.554284
16 0.593795
20 0.635916
23 0.659747
28 0.686712
33 0.702635
38 0.711813
45 0.716955
52 0.715856
60 0.710080
69 0.700466
79 0.687974
91 0.672132
104 0.654714
119 0.634380
135 0.612517
154 0.586658
174 0.559627
198 0.527470
223 0.494592
252 0.458697
285 0.422390
321 0.388564
362 0.356581
407 0.328563
457 0.304951
513 0.285429
575 0.269455
645 0.256169
723 0.245058
809 0.234553
905 0.223972
1011 0.213368
1130 0.202232
1261 0.190275
1407 0.177731
1570 0.164246
1750 0.151771
1950 0.143550
