4 0.505983
5 0.421210
7 0.319568
9 0.289920
11 0.287443
13 0.298517
16 0.329894
20 0.382973
23 0.425594
28 0.493251
33 0.547654
38 0.591396
45 0.641038
52 0.677133
60 0.706780
69 0.730799
79 0.750308
91 0.767822
104 0.782351
119 0.795611
135 0.807058
154 0.818074
174 0.827322
198 0.835956
223 0.842861
252 0.848947
285 0.853964
321 0.857766
362 0.860792
407 0.863129
457 0.864844
513 0.866155
575 0.867131
645 0.867894
723 0.868466
809 0.868898
905 0.869571
1011 0.870970
1130 0.873430
1261 0.877613
1407 0.883806
1570 0.891146
1750 0.898647
1950 0.905588
