4 0.234062
5 0.232616
7 0.252208
9 0.306184
11 0.373724
13 0.440174
16 0.524346
20 0.605937
23 0.650255
28 0.704873
33 0.744471
38 0.773946
45 0.803057
52 0.822326
60 0.836528
69 0.846338
79 0.852580
91 0.855980
104 0.856350
119 0.854087
135 0.849692
154 0.842775
174 0.834182
198 0.822766
223 0.810354
252 0.796421
285 0.781775
321 0.767642
362 0.753954
407 0.741466
457 0.729788
513 0.718474
575 0.707661
645 0.697495
723 0.688234
809 0.679883
905 0.672814
1011 0.668317
1130 0.667968
1261 0.672909
1407 0.684080
1570 0.700927
1750 0.721958
1950 0.745547
