4 0.382002
5 0.360319
7 0.353500
9 0.393114
11 0.448784
13 0.505217
16 0.578478
20 0.651620
23 0.692462
28 0.743655
33 0.780849
38 0.808344
45 0.835235
52 0.852858
60 0.865802
69 0.874877
79 0.880938
91 0.884855
104 0.886581
119 0.886717
135 0.885640
154 0.883388
174 0.880237
198 0.875672
223 0.870367
252 0.864096
285 0.857202
321 0.850392
362 0.843839
407 0.838049
457 0.832908
513 0.828465
575 0.824857
645 0.821973
723 0.819696
809 0.817917
905 0.816888
1011 0.817014
1130 0.818455
1261 0.822010
1407 0.828593
1570 0.837838
1750 0.848327
1950 0.859227
