4 0.416079
5 0.319151
7 0.208204
9 0.176078
11 0.173923
13 0.187267
16 0.225872
20 0.297705
23 0.358344
28 0.450406
33 0.518615
38 0.570151
45 0.626257
52 0.665966
60 0.698553
69 0.724377
79 0.744108
91 0.759822
104 0.770921
119 0.779207
135 0.784327
154 0.786553
174 0.785477
198 0.780880
223 0.773721
252 0.764089
285 0.752796
321 0.740673
362 0.727073
407 0.712189
457 0.695860
513 0.677747
575 0.658111
645 0.637106
723 0.615805
809 0.595575
905 0.577281
1011 0.560778
1130 0.544673
1261 0.529741
1407 0.518908
1570 0.515259
1750 0.518966
1950 0.528981
