4 0.551602
5 0.566477
7 0.598332
9 0.629664
11 0.659098
13 0.685440
16 0.718701
20 0.752758
23 0.771709
28 0.793563
33 0.807188
38 0.815711
45 0.821931
52 0.823709
60 0.822548
69 0.819057
79 0.813925
91 0.807103
104 0.799270
119 0.789695
135 0.778916
154 0.765470
174 0.750610
198 0.731953
223 0.711847
252 0.688327
285 0.662130
321 0.634959
362 0.606547
407 0.579353
457 0.554716
513 0.533463
575 0.515119
645 0.497711
723 0.480168
809 0.461183
905 0.441102
1011 0.421538
1130 0.402959
1261 0.387431
1407 0.375692
1570 0.366769
1750 0.360570
1950 0.358765
