4 0.689111
5 0.725550
7 0.785218
9 0.827123
11 0.855740
13 0.875854
16 0.896532
20 0.913835
23 0.922228
28 0.931147
33 0.936338
38 0.939373
45 0.941412
52 0.941828
60 0.941149
69 0.939631
79 0.937580
91 0.935001
104 0.932173
119 0.928883
135 0.925329
154 0.920982
174 0.916144
198 0.909859
223 0.902737
252 0.894067
285 0.884076
321 0.873490
362 0.862453
407 0.852073
457 0.842777
513 0.834727
575 0.827618
645 0.820458
723 0.812383
809 0.803028
905 0.792630
1011 0.782026
1130 0.772073
1261 0.764982
1407 0.761891
1570 0.761014
1750 0.761392
1950 0.762553
