4 0.612691
5 0.656679
7 0.730463
9 0.782651
11 0.818038
13 0.842686
16 0.867818
20 0.888653
23 0.898727
28 0.909434
33 0.915606
38 0.919118
45 0.921327
52 0.921566
60 0.920454
69 0.918304
79 0.915480
91 0.911957
104 0.908163
119 0.903853
135 0.899260
154 0.893702
174 0.887565
198 0.879614
223 0.870649
252 0.859934
285 0.847960
321 0.835754
362 0.823576
407 0.812668
457 0.803370
513 0.795703
575 0.789377
645 0.783427
723 0.776818
809 0.768975
905 0.759939
1011 0.750254
1130 0.740630
1261 0.733116
1407 0.729244
1570 0.727553
1750 0.727821
1950 0.729731
