4 0.368510
5 0.380744
7 0.408026
9 0.434732
11 0.462737
13 0.490119
16 0.526893
20 0.570434
23 0.601760
28 0.649594
33 0.690909
38 0.727682
45 0.770487
52 0.803319
60 0.832266
69 0.856406
79 0.876194
91 0.893237
104 0.906468
119 0.917505
135 0.926099
154 0.933711
174 0.939969
198 0.946042
223 0.951185
252 0.955950
285 0.960065
321 0.963275
362 0.965716
407 0.967316
457 0.968184
513 0.968355
575 0.967756
645 0.966160
723 0.963252
809 0.958804
905 0.952773
1011 0.945846
1130 0.939072
1261 0.933687
1407 0.930001
1570 0.927423
1750 0.925912
1950 0.925847
