4 0.103883
5 0.134485
7 0.202648
9 0.269791
11 0.336617
13 0.395009
16 0.456600
20 0.506295
23 0.534973
28 0.575369
33 0.610353
38 0.639190
45 0.670782
52 0.694483
60 0.714364
69 0.730313
79 0.742609
91 0.752532
104 0.759791
119 0.766036
135 0.772013
154 0.779546
174 0.788483
198 0.800136
223 0.812488
252 0.826079
285 0.839803
321 0.852370
362 0.863849
407 0.873533
457 0.881530
513 0.887692
575 0.891549
645 0.892731
723 0.890909
809 0.886515
905 0.880496
1011 0.874274
1130 0.869277
1261 0.866602
1407 0.866364
1570 0.867405
1750 0.868221
1950 0.868212
