4 0.662685
5 0.656766
7 0.659704
9 0.675459
11 0.698175
13 0.723750
16 0.760570
20 0.798865
23 0.818963
28 0.840895
33 0.854316
38 0.862936
45 0.870088
52 0.873211
60 0.873402
69 0.871298
79 0.867745
91 0.863260
104 0.859240
119 0.856403
135 0.855770
154 0.857431
174 0.860852
198 0.866077
223 0.871124
252 0.875060
285 0.877381
321 0.878936
362 0.880279
407 0.880664
457 0.879855
513 0.878229
575 0.875425
645 0.871369
723 0.865684
809 0.858412
905 0.849672
1011 0.839615
1130 0.828467
1261 0.817190
1407 0.805732
1570 0.793607
1750 0.780504
1950 0.768549
