4 0.470868
5 0.506424
7 0.567123
9 0.616383
11 0.655420
13 0.685623
16 0.718639
20 0.746447
23 0.759036
28 0.769806
33 0.773765
38 0.775652
45 0.777112
52 0.777119
60 0.777069
69 0.777144
79 0.776784
91 0.775716
104 0.774337
119 0.773237
135 0.773354
154 0.775621
174 0.779969
198 0.786657
223 0.794008
252 0.801942
285 0.809585
321 0.816267
362 0.822938
407 0.829886
457 0.837034
513 0.844222
575 0.850972
645 0.856932
723 0.861370
809 0.863763
905 0.863849
1011 0.861992
1130 0.858796
1261 0.854768
1407 0.850672
1570 0.847546
1750 0.843855
1950 0.839052
