4 0.211724
5 0.252891
7 0.328679
9 0.391370
11 0.442510
13 0.483326
16 0.528123
20 0.565604
23 0.583769
28 0.603743
33 0.617351
38 0.627694
45 0.637882
52 0.644156
60 0.648702
69 0.651863
79 0.653750
91 0.655100
104 0.656900
119 0.660643
135 0.667041
154 0.677284
174 0.689559
198 0.704267
223 0.718029
252 0.731243
285 0.742869
321 0.752204
362 0.760597
407 0.768268
457 0.775456
513 0.782374
575 0.788821
645 0.794374
723 0.798022
809 0.799098
905 0.796865
1011 0.790971
1130 0.781550
1261 0.769203
1407 0.755656
1570 0.745225
1750 0.737950
1950 0.731836
