4 0.435703
5 0.466408
7 0.532250
9 0.597102
11 0.653366
13 0.698107
16 0.747532
20 0.791600
23 0.813245
28 0.835356
33 0.846873
38 0.852205
45 0.853140
52 0.848976
60 0.840169
69 0.827419
79 0.811990
91 0.793963
104 0.776596
119 0.759761
135 0.745921
154 0.735223
174 0.728787
198 0.724477
223 0.721145
252 0.716958
285 0.711331
321 0.704572
362 0.696799
407 0.688591
457 0.680358
513 0.672741
575 0.666511
645 0.662098
723 0.659218
809 0.656699
905 0.654398
1011 0.652671
1130 0.649635
1261 0.645264
1407 0.641142
1570 0.635033
1750 0.625055
1950 0.610902
