4 0.591668
5 0.601068
7 0.607317
9 0.605786
11 0.602451
13 0.599613
16 0.597986
20 0.601660
23 0.608063
28 0.621381
33 0.630688
38 0.632718
45 0.629501
52 0.626865
60 0.625447
69 0.626403
79 0.630081
91 0.636353
104 0.644740
119 0.655229
135 0.666777
154 0.680712
174 0.695331
198 0.712432
223 0.729158
252 0.747452
285 0.766879
321 0.786133
362 0.805487
407 0.824096
457 0.842011
513 0.858752
575 0.873484
645 0.886431
723 0.897504
809 0.905636
905 0.910938
1011 0.913823
1130 0.914423
1261 0.912988
1407 0.911027
1570 0.910395
1750 0.911196
1950 0.911722
