4 0.432476
5 0.471197
7 0.531313
9 0.575498
11 0.607538
13 0.630346
16 0.653836
20 0.675262
23 0.688796
28 0.710435
33 0.730229
38 0.746616
45 0.764343
52 0.777654
60 0.788788
69 0.797691
79 0.804353
91 0.809411
104 0.812807
119 0.815383
135 0.817714
154 0.820713
174 0.824069
198 0.827791
223 0.830535
252 0.832030
285 0.832486
321 0.832813
362 0.833880
407 0.836232
457 0.840227
513 0.845437
575 0.850345
645 0.854429
723 0.857184
809 0.857986
905 0.856243
1011 0.852080
1130 0.846026
1261 0.839637
1407 0.834695
1570 0.832664
1750 0.832169
1950 0.830390
