4 0.724227
5 0.734236
7 0.745815
9 0.752297
11 0.756751
13 0.760241
16 0.764748
20 0.770547
23 0.774499
28 0.778773
33 0.778727
38 0.775445
45 0.768670
52 0.761521
60 0.754830
69 0.750079
79 0.747296
91 0.746662
104 0.747899
119 0.750025
135 0.752348
154 0.755180
174 0.758079
198 0.761667
223 0.765853
252 0.771570
285 0.778950
321 0.787660
362 0.798174
407 0.810014
457 0.822787
513 0.835568
575 0.847097
645 0.856735
723 0.863830
809 0.867338
905 0.866843
1011 0.862505
1130 0.854830
1261 0.844877
1407 0.834785
1570 0.827911
1750 0.824276
1950 0.819832
